,id,release_date,movie,production_budget,domestic_gross,worldwide_gross,foreign_gross,profit_loss,profitable
0,1,"Dec 18, 2009",Avatar,425000000,760507625,2776345279,2015837654,2351345279,True
1,2,"May 20, 2011",Pirates of the Caribbean: On Stranger Tides,410600000,241063875,1045663875,804600000,635063875,True
2,3,"Jun 7, 2019",Dark Phoenix,350000000,42762350,149762350,107000000,-200237650,False
3,4,"May 1, 2015",Avengers: Age of Ultron,330600000,459005868,1403013963,944008095,1072413963,True
4,5,"Dec 15, 2017",Star Wars Ep. VIII: The Last Jedi,317000000,620181382,1316721747,696540365,999721747,True
5,6,"Dec 18, 2015",Star Wars Ep. VII: The Force Awakens,306000000,936662225,2053311220,1116648995,1747311220,True
6,7,"Apr 27, 2018",Avengers: Infinity War,300000000,678815482,2048134200,1369318718,1748134200,True
7,8,"May 24, 2007",Pirates of the Caribbean: At Worldâs End,300000000,309420425,963420425,654000000,663420425,True
8,9,"Nov 17, 2017",Justice League,300000000,229024295,655945209,426920914,355945209,True
9,10,"Nov 6, 2015",Spectre,300000000,200074175,879620923,679546748,579620923,True
10,11,"Jul 20, 2012",The Dark Knight Rises,275000000,448139099,1084439099,636300000,809439099,True
11,12,"May 25, 2018",Solo: A Star Wars Story,275000000,213767512,393151347,179383835,118151347,True
12,13,"Jul 2, 2013",The Lone Ranger,275000000,89302115,260002115,170700000,-14997885,False
13,14,"Mar 9, 2012",John Carter,275000000,73058679,282778100,209719421,7778100,True
14,15,"Nov 24, 2010",Tangled,260000000,200821936,586477240,385655304,326477240,True
15,16,"May 4, 2007",Spider-Man 3,258000000,336530303,894860230,558329927,636860230,True
16,17,"May 6, 2016",Captain America: Civil War,250000000,408084349,1140069413,731985064,890069413,True
17,18,"Mar 25, 2016",Batman v Superman: Dawn of Justice,250000000,330360194,867500281,537140087,617500281,True
18,19,"Dec 14, 2012",The Hobbit: An Unexpected Journey,250000000,303003568,1017003568,714000000,767003568,True
19,20,"Jul 15, 2009",Harry Potter and the Half-Blood Prince,250000000,302089278,935213767,633124489,685213767,True
20,21,"Dec 13, 2013",The Hobbit: The Desolation of Smaug,250000000,258366855,960366855,702000000,710366855,True
21,22,"Dec 17, 2014",The Hobbit: The Battle of the Five Armies,250000000,255119788,945577621,690457833,695577621,True
22,23,"Apr 14, 2017",The Fate of the Furious,250000000,225764765,1234846267,1009081502,984846267,True
23,24,"Jun 28, 2006",Superman Returns,232000000,200120000,374085065,173965065,142085065,True
24,25,"May 26, 2017",Pirates of the Caribbean: Dead Men Tell No Tales,230000000,172558876,788241137,615682261,558241137,True
25,26,"Nov 14, 2008",Quantum of Solace,230000000,169368427,591692078,422323651,361692078,True
26,27,"May 4, 2012",The Avengers,225000000,623279547,1517935897,894656350,1292935897,True
27,28,"Jul 7, 2006",Pirates of the Caribbean: Dead Manâs Chest,225000000,423315812,1066215812,642900000,841215812,True
28,29,"Jun 14, 2013",Man of Steel,225000000,291045518,667999518,376954000,442999518,True
29,30,"May 16, 2008",The Chronicles of Narnia: Prince Caspian,225000000,141621490,417341288,275719798,192341288,True
30,31,"Jul 3, 2012",The Amazing Spider-Man,220000000,262030663,757890267,495859604,537890267,True
31,32,"May 18, 2012",Battleship,220000000,65233400,313477717,248244317,93477717,True
32,33,"Jun 21, 2017",Transformers: The Last Knight,217000000,130168683,602893340,472724657,385893340,True
33,34,"Jun 12, 2015",Jurassic World,215000000,652270625,1648854864,996584239,1433854864,True
34,35,"May 25, 2012",Men in Black 3,215000000,179020854,654213485,475192631,439213485,True
35,36,"Jun 24, 2009",Transformers: Revenge of the Fallen,210000000,402111870,836519699,434407829,626519699,True
36,37,"Jun 27, 2014",Transformers: Age of Extinction,210000000,245439076,1104039076,858600000,894039076,True
37,38,"May 26, 2006",X-Men: The Last Stand,210000000,234362462,459260946,224898484,249260946,True
38,39,"May 14, 2010",Robin Hood,210000000,105487148,322459006,216971858,112459006,True
39,40,"Dec 14, 2005",King Kong,207000000,218080025,550517357,332437332,343517357,True
40,41,"Dec 7, 2007",The Golden Compass,205000000,70107728,367262558,297154830,162262558,True
41,42,"Feb 16, 2018",Black Panther,200000000,700059566,1348258224,648198658,1148258224,True
42,43,"Dec 19, 1997",Titanic,200000000,659363944,2208208395,1548844451,2008208395,True
43,44,"Jun 15, 2018",Incredibles 2,200000000,608581744,1242520711,633938967,1042520711,True
44,45,"Dec 16, 2016",Rogue One: A Star Wars Story,200000000,532177324,1049102856,516925532,849102856,True
45,46,"Jun 17, 2016",Finding Dory,200000000,486295561,1021215193,534919632,821215193,True
46,47,"Jun 18, 2010",Toy Story 3,200000000,415004880,1068879522,653874642,868879522,True
47,48,"May 3, 2013",Iron Man 3,200000000,408992272,1215392272,806400000,1015392272,True
48,49,"May 5, 2017",Guardians of the Galaxy Vol 2,200000000,389813101,862316233,472503132,662316233,True
49,50,"Jun 30, 2004",Spider-Man 2,200000000,373524485,795110670,421586185,595110670,True
50,51,"Mar 5, 2010",Alice in Wonderland,200000000,334191110,1025491110,691300000,825491110,True
51,52,"Nov 8, 2012",Skyfall,200000000,304360277,1110526981,806166704,910526981,True
52,53,"Jun 21, 2013",Monsters University,200000000,268488329,743588329,475100000,543588329,True
53,54,"Mar 8, 2013",Oz the Great and Powerful,200000000,234770996,490359051,255588055,290359051,True
54,55,"May 23, 2014",X-Men: Days of Future Past,200000000,233921534,747862775,513941241,547862775,True
55,56,"May 2, 2014",The Amazing Spider-Man 2,200000000,202853933,708996336,506142403,508996336,True
56,57,"Jun 24, 2011",Cars 2,200000000,191450875,560155383,368704508,360155383,True
57,58,"Dec 17, 2010",Tron: Legacy,200000000,172062763,400062763,228000000,200062763,True
58,59,"Nov 13, 2009",2012,200000000,166112167,757677748,591565581,557677748,True
59,60,"Nov 16, 2018",Fantastic Beasts: The Crimes of Grindelwald,200000000,159555901,652220086,492664185,452220086,True
60,61,"May 21, 2009",Terminator Salvation,200000000,125322469,365491792,240169323,165491792,True
61,62,"Jun 17, 2011",Green Lantern,200000000,116601172,219535492,102934320,19535492,True
62,63,"May 28, 2010",Prince of Persia: Sands of Time,200000000,90759676,336359676,245600000,136359676,True
63,64,"Jun 29, 2011",Transformers: Dark of the Moon,195000000,352390543,1123790543,771400000,928790543,True
64,65,"Jun 9, 2017",The Mummy,195000000,80101125,409953905,329852780,214953905,True
65,66,"Mar 1, 2013",Jack the Giant Slayer,195000000,65187603,197687603,132500000,2687603,True
66,67,"Apr 3, 2015",Furious 7,190000000,353007020,1518722794,1165715774,1328722794,True
67,68,"May 16, 2013",Star Trek Into Darkness,190000000,228778661,467381584,238602923,277381584,True
68,69,"Jun 21, 2013",World War Z,190000000,202359711,531514650,329154939,341514650,True
69,70,"May 10, 2013",The Great Gatsby,190000000,144840419,351040419,206200000,161040419,True
70,71,"Nov 6, 2009",Disneyâs A Christmas Carol,190000000,137855863,315709697,177853834,125709697,True
71,72,"Jul 12, 2013",Pacific Rim,190000000,101802906,411002906,309200000,221002906,True
72,73,"Nov 25, 2015",The Good Dinosaur,187500000,123087120,333771037,210683917,146271037,True
73,74,"May 2, 2008",Iron Man,186000000,318604126,585171547,266567421,399171547,True
74,75,"Jul 18, 2008",The Dark Knight,185000000,533720947,1001996207,468275260,816996207,True
75,76,"May 22, 2008",Indiana Jones and the Kingdom of the Crystal Skull,185000000,317101119,786635413,469534294,601635413,True
76,77,"Jun 22, 2012",Brave,185000000,237282182,554606532,317324350,369606532,True
77,78,"Mar 10, 2017",Kong: Skull Island,185000000,168052812,561072059,393019247,376072059,True
78,79,"Jul 22, 2016",Star Trek Beyond,185000000,158848340,335802233,176953893,150802233,True
79,80,"Oct 6, 2017",Blade Runner 2049,185000000,92054159,259357408,167303249,74357408,True
80,81,"May 24, 2019",Aladdin,182000000,246734314,619234314,372500000,437234314,True
81,82,"Nov 3, 2017",Thor: Ragnarok,180000000,315058289,846980024,531921735,666980024,True
82,83,"Dec 9, 2005","The Chronicles of Narnia: The Lion, the Witch and the Wardrobe",180000000,291710957,720539572,428828615,540539572,True
83,84,"May 30, 2014",Maleficent,180000000,241407328,758536735,517129407,578536735,True
84,85,"Nov 18, 2016",Fantastic Beasts and Where to Find Them,180000000,234037575,802402853,568365278,622402853,True
85,86,"Jun 27, 2008",WALL-E,180000000,223808164,532508025,308699861,352508025,True
86,87,"Aug 10, 2007",Rush Hour 3,180000000,140125968,256585882,116459914,76585882,True
87,88,"Jul 1, 2016",The Legend of Tarzan,180000000,126643061,348902025,222258964,168902025,True
88,89,"Nov 23, 2011",Hugo,180000000,73864507,180047784,106183277,47784,True
89,90,"Jul 21, 2017",Valerian and the City of a Thousand Planets,180000000,40479370,215098356,174618986,35098356,True
90,91,"Feb 6, 2015",Jupiter Ascending,179000000,47482519,181982519,134500000,2982519,True
91,92,"Jul 27, 2018",Mission: ImpossibleâFallout,178000000,220159104,787456552,567297448,609456552,True
92,93,"May 27, 2016",X-Men: Apocalypse,178000000,155442489,542537546,387095057,364537546,True
93,94,"Aug 10, 2018",The Meg,178000000,145443742,529530715,384086973,351530715,True
94,95,"Jun 6, 2014",Edge of Tomorrow,178000000,100206256,370541256,270335000,192541256,True
95,96,"Mar 8, 2019",Captain Marvel,175000000,426525952,1123061550,696535598,948061550,True
96,97,"Apr 15, 2016",The Jungle Book,175000000,364001123,962854547,598853424,787854547,True
97,98,"Jun 19, 2015",Inside Out,175000000,356461711,854235992,497774281,679235992,True
98,99,"Jul 7, 2017",Spider-Man: Homecoming,175000000,334201140,880166350,545965210,705166350,True
99,100,"Aug 5, 2016",Suicide Squad,175000000,325100054,746059887,420959833,571059887,True
100,1,"May 29, 2009",Up,175000000,293004164,731463377,438459213,556463377,True
101,2,"Nov 22, 2017",Coco,175000000,209726015,798008101,588282086,623008101,True
102,3,"Nov 21, 2018",Ralph Breaks The Internet,175000000,201091711,524283695,323191984,349283695,True
103,4,"Mar 27, 2009",Monsters vs. Aliens,175000000,198351526,381687380,183335854,206687380,True
104,5,"Jun 16, 2017",Cars 3,175000000,152901115,383541369,230640254,208541369,True
105,6,"Aug 7, 2009",G.I. Joe: The Rise of Cobra,175000000,150201498,302469017,152267519,127469017,True
106,7,"Jun 30, 1999",Wild Wild West,175000000,113805681,221229335,107423654,46229335,True
107,8,"Aug 1, 2008",The Mummy: Tomb of the Dragon Emperor,175000000,102491776,405760225,303268449,230760225,True
108,9,"Jun 22, 2007",Evan Almighty,175000000,100289690,174131329,73841639,-868671,False
109,10,"Jul 28, 1995",Waterworld,175000000,88246220,264246220,176000000,89246220,True
110,11,"May 12, 2017",King Arthur: Legend of the Sword,175000000,39175066,139630336,100455270,-35369664,False
111,12,"Dec 25, 2013",47 Ronin,175000000,38362475,151716815,113354340,-23283185,False
112,13,"Jun 22, 2018",Jurassic World: Fallen Kingdom,170000000,417719760,1305772799,888053039,1135772799,True
113,14,"Aug 1, 2014",Guardians of the Galaxy,170000000,333172112,770867516,437695404,600867516,True
114,15,"May 7, 2010",Iron Man 2,170000000,312433331,621156389,308723058,451156389,True
115,16,"Apr 4, 2014",Captain America: The Winter Soldier,170000000,259746958,714401889,454654931,544401889,True
116,17,"Jul 11, 2014",Dawn of the Planet of the Apes,170000000,208545589,710644566,502098977,540644566,True
117,18,"Nov 10, 2004",The Polar Express,170000000,187224605,311365187,124140582,141365187,True
118,19,"Jun 1, 2012",Snow White and the Huntsman,170000000,155136755,401021746,245884991,231021746,True
119,20,"Jul 1, 2003",Terminator 3: Rise of the Machines,170000000,150358296,433058296,282700000,263058296,True
120,21,"May 7, 2004",Van Helsing,170000000,120150546,300150546,180000000,130150546,True
121,22,"Mar 29, 2019",Dumbo,170000000,113883318,345004422,231121104,175004422,True
122,23,"May 22, 2015",Tomorrowland,170000000,93436322,206627518,113191196,36627518,True
123,24,"Feb 14, 2019",Alita: Battle Angel,170000000,85710210,402976036,317265826,232976036,True
124,25,"May 31, 2019",Godzilla: King of the Monsters,170000000,85576941,299276941,213700000,129276941,True
125,26,"May 27, 2016",Alice Through the Looking Glass,170000000,77042381,276928112,199885731,106928112,True
126,27,"May 21, 2010",Shrek Forever After,165000000,238736787,756244673,517507886,591244673,True
127,28,"Nov 4, 2016",Doctor Strange,165000000,232641920,676404566,443762646,511404566,True
128,29,"Nov 7, 2014",Big Hero 6,165000000,222527828,652127828,429600000,487127828,True
129,30,"Mar 26, 2010",How to Train Your Dragon,165000000,217581232,494870992,277289760,329870992,True
130,31,"Nov 2, 2012",Wreck-It Ralph,165000000,189412677,496511521,307098844,331511521,True
131,32,"Nov 5, 2014",Interstellar,165000000,188017894,666379375,478361481,501379375,True
132,33,"Jun 24, 2016",Independence Day: Resurgence,165000000,103144286,384169424,281025138,219169424,True
133,34,"Jul 29, 2011",Cowboys and Aliens,163000000,100368560,176038324,75669764,13038324,True
134,35,"Mar 17, 2017",Beauty and the Beast,160000000,504014165,1259199706,755185541,1099199706,True
135,36,"Dec 21, 2018",Aquaman,160000000,335061807,1146894640,811832833,986894640,True
136,37,"May 17, 2007",Shrek the Third,160000000,322719944,807330936,484610992,647330936,True
137,38,"Jul 16, 2010",Inception,160000000,292576195,835524642,542948447,675524642,True
138,39,"Nov 20, 2015",The Hunger Games: Mockingjay - Part 2,160000000,281723902,648986787,367262885,488986787,True
139,40,"May 24, 2013",Fast and Furious 6,160000000,238679850,789300444,550620594,629300444,True
140,41,"May 16, 2014",Godzilla,160000000,200676069,529076069,328400000,369076069,True
141,42,"Jun 3, 2011",X-Men: First Class,160000000,146408305,355408305,209000000,195408305,True
142,43,"Dec 25, 2008",The Curious Case of Benjamin Button,160000000,127509326,329631958,202122632,169631958,True
143,44,"Jul 14, 2010",The Sorcerer's Apprentice,160000000,63150991,217986320,154835329,57986320,True
144,45,"May 12, 2006",Poseidon,160000000,60674817,181674817,121000000,21674817,True
145,46,"Jun 10, 2016",Warcraft,160000000,47225655,425522281,378296626,265522281,True
146,47,"Sep 30, 2016",Deepwater Horizon,156000000,61433527,122603824,61170297,-33396176,False
147,48,"Dec 10, 2010",The Chronicles of Narnia: The Voyage of the Dawn Treader,155000000,104386950,418186950,313800000,263186950,True
148,49,"Jul 1, 2015",Terminator: Genisys,155000000,89760956,432150894,342389938,277150894,True
149,50,"Mar 23, 2018",Pacific Rim: Uprising,155000000,59874525,290930148,231055623,135930148,True
150,51,"Nov 24, 2004",Alexander,155000000,34297191,167297191,133000000,12297191,True
151,52,"Jul 14, 2017",War for the Planet of the Apes,152000000,146880162,489592267,342712105,337592267,True
152,53,"May 25, 2001",Pearl Harbor,151500000,198539855,449239855,250700000,297739855,True
153,54,"Jul 2, 2007",Transformers,151000000,319246193,708272592,389026399,557272592,True
154,55,"Jun 2, 2017",Wonder Woman,150000000,412563408,821133378,408569970,671133378,True
155,56,"Nov 22, 2013",Frozen,150000000,400738009,1272469910,871731901,1122469910,True
156,57,"Mar 4, 2016",Zootopia,150000000,341268248,1019429616,678161368,869429616,True
157,58,"Jul 11, 2007",Harry Potter and the Order of the Phoenix,150000000,292137260,943076457,650939197,793076457,True
158,59,"Nov 18, 2005",Harry Potter and the Goblet of Fire,150000000,290201752,897099794,606898042,747099794,True
159,60,"May 15, 2003",The Matrix Reloaded,150000000,281553689,738576929,457023240,588576929,True
160,61,"Dec 14, 2007",I am Legend,150000000,256393010,585532684,329139674,435532684,True
161,62,"Nov 23, 2016",Moana,150000000,248757044,637517365,388760321,487517365,True
162,63,"Jul 1, 2008",Hancock,150000000,227946274,624234272,396287998,474234272,True
163,64,"Jul 15, 2005",Charlie and the Chocolate Factory,150000000,206459076,475825484,269366408,325825484,True
164,65,"Jun 29, 2007",Ratatouille,150000000,206445654,626549695,420104041,476549695,True
165,66,"Nov 8, 2013",Thor: The Dark World,150000000,206362140,644602516,438240376,494602516,True
166,67,"Jun 15, 2005",Batman Begins,150000000,205343774,359142722,153798948,209142722,True
167,68,"Jul 31, 2015",Mission: ImpossibleâRogue Nation,150000000,195042377,688858992,493816615,538858992,True
168,69,"Jul 21, 2017",Dunkirk,150000000,190068280,499837368,309769088,349837368,True
169,70,"May 6, 2011",Thor,150000000,181030624,449326618,268295994,299326618,True
170,71,"Nov 7, 2008",Madagascar: Escape 2 Africa,150000000,180174880,599680774,419505894,449680774,True
171,72,"May 1, 2009",X-Men Origins: Wolverine,150000000,179883157,374825760,194942603,224825760,True
172,73,"May 22, 2009",Night at the Museum: Battle of the Smithsonian,150000000,177243721,402231063,224987342,252231063,True
173,74,"May 26, 2011",Kung Fu Panda 2,150000000,165249063,664837547,499588484,514837547,True
174,75,"May 15, 2015",Mad Max: Fury Road,150000000,153636354,370098020,216461666,220098020,True
175,76,"May 10, 2019",PokÃ©mon: Detective Pikachu,150000000,139507806,411258433,271750627,261258433,True
176,77,"Nov 5, 2003",The Matrix Revolutions,150000000,139270910,427300260,288029350,277300260,True
177,78,"Mar 29, 2018",Ready Player One,150000000,137690172,579290136,441599964,429290136,True
178,79,"Nov 4, 2005",Chicken Little,150000000,135386665,310043823,174657158,160043823,True
179,80,"May 5, 2006",Mission: Impossible III,150000000,133501348,397501348,264000000,247501348,True
180,81,"May 15, 2009",Angels & Demons,150000000,133375846,490875846,357500000,340875846,True
181,82,"May 14, 2004",Troy,150000000,133298577,484161265,350862688,334161265,True
182,83,"Jul 1, 2010",The Last Airbender,150000000,131772187,319713881,187941694,169713881,True
183,84,"Nov 2, 2007",Bee Movie,150000000,126631277,287594577,160963300,137594577,True
184,85,"Jul 24, 2009",G-Force,150000000,119436770,292817841,173381071,142817841,True
185,86,"Nov 21, 2008",Bolt,150000000,114053579,328015029,213961450,178015029,True
186,87,"Mar 30, 2012",Wrath of the Titans,150000000,83670083,305270083,221600000,155270083,True
187,88,"Nov 16, 2007",Beowulf,150000000,82280579,195080579,112800000,45080579,True
188,89,"May 11, 2012",Dark Shadows,150000000,79727149,238202668,158475519,88202668,True
189,90,"Jun 28, 2013",White House Down,150000000,73103784,205440387,132336603,55440387,True
190,91,"Feb 12, 2010",The Wolfman,150000000,62189884,142634358,80444474,-7365642,False
191,92,"Feb 17, 2017",The Great Wall,150000000,45157105,334486852,289329747,184486852,True
192,93,"Oct 9, 2015",Pan,150000000,35088320,151525973,116437653,1525973,True
193,94,"Mar 11, 2011",Mars Needs Moms,150000000,21392758,39549758,18157000,-110450242,False
194,95,"Dec 31, 2020",Moonfall,150000000,0,0,0,-150000000,False
195,96,"Nov 3, 2006",Flushed Away,149000000,64665672,179357126,114691454,30357126,True
196,97,"Jun 8, 2012",Madagascar 3: Europe's Most Wanted,145000000,216391482,746921271,530529789,601921271,True
197,98,"Dec 16, 2011",Mission: ImpossibleâGhost Protocol,145000000,209397903,694713230,485315327,549713230,True
198,99,"Jun 13, 2014",How to Train Your Dragon 2,145000000,177002924,614586270,437583346,469586270,True
199,100,"Jun 16, 1999",Tarzan,145000000,171091819,448191819,277100000,303191819,True
200,1,"Mar 7, 2014",Mr. Peabody & Sherman,145000000,111506430,269806430,158300000,124806430,True
201,2,"Nov 21, 2012",Rise of the Guardians,145000000,103412758,306900902,203488144,161900902,True
202,3,"Apr 8, 2005",Sahara,145000000,68671925,121671925,53000000,-23328075,False
203,4,"Jul 15, 2016",Ghostbusters,144000000,128350574,229008658,100658084,85008658,True
204,5,"Nov 22, 2002",Die Another Day,142000000,160942139,431942139,271000000,289942139,True
205,6,"Jul 9, 2003",Pirates of the Caribbean: The Curse of the Black Pearl,140000000,305411224,634954103,329542879,494954103,True
206,7,"May 8, 2009",Star Trek,140000000,257730019,386839614,129109595,246839614,True
207,8,"Jul 1, 1998",Armageddon,140000000,201578182,554600000,353021818,414600000,True
208,9,"Jul 3, 2002",Men in Black 2,140000000,190418803,441767803,251349000,301767803,True
209,10,"Jul 22, 2011",Captain America: The First Avenger,140000000,176654505,370569776,193915271,230569776,True
210,11,"Jan 29, 2016",Kung Fu Panda 3,140000000,143528619,517599142,374070523,377599142,True
211,12,"Jul 10, 1998",Lethal Weapon 4,140000000,130444603,285400000,154955397,145400000,True
212,13,"Mar 27, 2013",G.I. Joe: Retaliation,140000000,122523060,375740705,253217645,235740705,True
213,14,"Dec 5, 2003",The Last Samurai,140000000,111110575,456810575,345700000,316810575,True
214,15,"Dec 21, 2005",Fun With Dick And Jane,140000000,110550000,203018919,92468919,63018919,True
215,16,"Dec 12, 2014",Exodus: Gods and Kings,140000000,65014513,268314513,203300000,128314513,True
216,17,"Jul 1, 2016",The BFG,140000000,55483770,199646680,144162910,59646680,True
217,18,"Feb 26, 2016",Gods of Egypt,140000000,31153464,138836756,107683292,-1163244,False
218,19,"May 3, 2002",Spider-Man,139000000,403706375,821706375,418000000,682706375,True
219,20,"Mar 6, 2009",Watchmen,138000000,107509799,186976250,79466451,48976250,True
220,21,"Jul 29, 2005",Stealth,138000000,32116746,76416746,44300000,-61583254,False
221,22,"Jun 13, 2008",The Incredible Hulk,137500000,134806913,265573859,130766946,128073859,True
222,23,"Jun 20, 2003",Hulk,137000000,132177234,245075434,112898200,108075434,True
223,24,"Jul 11, 2001",Final Fantasy: The Spirits Within,137000000,32131830,85131830,53000000,-51868170,False
224,25,"Nov 16, 2012","The Twilight Saga: Breaking Dawn, Part 2",136200000,292324737,829724737,537400000,693524737,True
225,26,"Mar 22, 2013",The Croods,135000000,187168425,573068425,385900000,438068425,True
226,27,"Dec 25, 2015",The Revenant,135000000,183637894,532938302,349300408,397938302,True
227,28,"Nov 19, 1999",The World is Not Enough,135000000,126930660,361730660,234800000,226730660,True
228,29,"Mar 4, 2011",Rango,135000000,123477607,245724600,122246993,110724600,True
229,30,"Nov 14, 2003",Master and Commander: The Far Side of the World,135000000,93926386,212912137,118985751,77912137,True
230,31,"Jul 17, 2013",Turbo,135000000,83028130,286896578,203868448,151896578,True
231,32,"Jun 3, 2016",Teenage Mutant Ninja Turtles: Out of the Shadows,135000000,82051601,245328374,163276773,110328374,True
232,33,"Nov 18, 2011",Happy Feet Two,135000000,64006466,157956466,93950000,22956466,True
233,34,"Jul 28, 2006",Miami Vice,135000000,63478838,163818556,100339718,28818556,True
234,35,"Nov 2, 2018",The Nutcracker and the Four Realms,132900000,54858851,170293899,115435048,37393899,True
235,36,"Jun 29, 2005",War of the Worlds,132000000,234280354,606836535,372556181,474836535,True
236,37,"Nov 26, 2014",Penguins of Madagascar,132000000,83350911,366942531,283591620,234942531,True
237,38,"Nov 22, 2013",The Hunger Games: Catching Fire,130000000,424668047,864868047,440200000,734868047,True
238,39,"Jun 4, 2004",Harry Potter and the Prisoner of Azkaban,130000000,249757726,796907323,547149597,666907323,True
239,40,"Aug 3, 2007",The Bourne Ultimatum,130000000,227471070,444043396,216572326,314043396,True
240,41,"Jul 6, 2018",Ant-Man and the Wasp,130000000,216648740,623144660,406495920,493144660,True
241,42,"Jun 6, 2008",Kung Fu Panda,130000000,215434591,631910531,416475940,501910531,True
242,43,"Jul 17, 2015",Ant-Man,130000000,180202163,518858449,338656286,388858449,True
243,44,"Mar 27, 2015",Home,130000000,177397510,385997896,208600386,255997896,True
244,45,"Dec 19, 2018",Mary Poppins Returns,130000000,171958438,341528518,169570080,211528518,True
245,46,"Oct 28, 2011",Puss in Boots,130000000,149260504,554987477,405726973,424987477,True
246,47,"Nov 5, 2010",Megamind,130000000,148415853,321887208,173471355,191887208,True
247,48,"Jul 18, 2003",Bad Boys II,130000000,138540870,273271982,134731112,143271982,True
248,49,"Apr 11, 2014",Rio 2,130000000,131538435,492846291,361307856,362846291,True
249,50,"Jul 23, 2010",Salt,130000000,118311368,290650494,172339126,160650494,True
250,51,"Mar 28, 2014",Noah,130000000,101200044,352831065,251631021,222831065,True
251,52,"Dec 21, 2011",The Adventures of Tintin,130000000,77591831,373993951,296402120,243993951,True
252,53,"May 31, 2013",After Earth,130000000,60522097,251499665,190977568,121499665,True
253,54,"Nov 26, 2008",Australia,130000000,49554002,215080810,165526808,85080810,True
254,55,"Jul 19, 2013",R.I.P.D.,130000000,33618855,79076678,45457823,-50923322,False
255,56,"Feb 22, 2019",How to Train Your Dragon: The Hidden World,129000000,160791800,519258283,358466483,390258283,True
256,57,"Nov 18, 2011","The Twilight Saga: Breaking Dawn, Part 1",127500000,281287133,689420051,408132918,561920051,True
257,58,"May 19, 2000",Dinosaur,127500000,137748063,356148063,218400000,228648063,True
258,59,"Mar 3, 2017",Logan,127000000,226277068,615461394,389184326,488461394,True
259,60,"Dec 19, 2014",Night at the Museum: Secret of the Tomb,127000000,113746621,353756621,240010000,226756621,True
260,61,"Jul 15, 2011",Harry Potter and the Deathly Hallows: Part II,125000000,381193157,1341693157,960500000,1216693157,True
261,62,"Nov 21, 2014",The Hunger Games: Mockingjay - Part 1,125000000,337135885,766575131,429439246,641575131,True
262,63,"Nov 16, 2001",Harry Potter and the Sorcererâs Stone,125000000,317871467,975047606,657176139,850047606,True
263,64,"Nov 19, 2010",Harry Potter and the Deathly Hallows: Part I,125000000,296131568,960431568,664300000,835431568,True
264,65,"May 19, 2006",The Da Vinci Code,125000000,217536138,767820459,550284321,642820459,True
265,66,"May 2, 2003",X-Men 2,125000000,214949694,406875536,191925842,281875536,True
266,67,"Apr 29, 2011",Fast Five,125000000,210031325,630163454,420132129,505163454,True
267,68,"Aug 8, 2014",Teenage Mutant Ninja Turtles,125000000,191204754,485004754,293800000,360004754,True
268,69,"Dec 16, 2011",Sherlock Holmes: A Game of Shadows,125000000,186848418,535663443,348815025,410663443,True
269,70,"May 28, 2004",The Day After Tomorrow,125000000,186740799,556319450,369578651,431319450,True
270,71,"Mar 31, 2017",The Boss Baby,125000000,175003033,510878762,335875729,385878762,True
271,72,"Apr 1, 2010",Clash of the Titans,125000000,163214888,493214888,330000000,368214888,True
272,73,"Nov 4, 2016",Trolls,125000000,153707064,344150134,190443070,219150134,True
273,74,"May 19, 1998",Godzilla,125000000,136314294,376000000,239685706,251000000,True
274,75,"Jun 8, 2012",Prometheus,125000000,126477084,402448265,275971181,277448265,True
275,76,"Aug 10, 2012",The Bourne Legacy,125000000,113203870,280355920,167152050,155355920,True
276,77,"Jun 20, 1997",Batman & Robin,125000000,107325195,238317814,130992619,113317814,True
277,78,"Jul 13, 2018",Skyscraper,125000000,68420120,304115534,235695414,179115534,True
278,79,"Aug 3, 2012",Total Recall,125000000,58877969,211856088,152978119,86856088,True
279,80,"Dec 21, 2016",Assassinâs Creed,125000000,54647948,240759682,186111734,115759682,True
280,81,"Jan 13, 2017",Monster Trucks,125000000,33370166,61642798,28272632,-63357202,False
281,82,"Aug 27, 1999",The 13th Warrior,125000000,32698899,61698899,29000000,-63301101,False
282,83,"Nov 17, 2000",How the Grinch Stole Christmas,123000000,260044825,345141403,85096578,222141403,True
283,84,"May 24, 2000",Mission: Impossible 2,120000000,215409889,549588516,334178627,429588516,True
284,85,"Jun 30, 2000",The Perfect Storm,120000000,182618434,328711434,146093000,208711434,True
285,86,"Jul 29, 2016",Jason Bourne,120000000,162192920,416168316,253975396,296168316,True
286,87,"Jun 15, 2007",Fantastic Four: Rise of the Silver Surfer,120000000,131921738,289480691,157558953,169480691,True
287,88,"Nov 21, 2012",Life of Pi,120000000,124987022,620912003,495924981,500912003,True
288,89,"Feb 16, 2007",Ghost Rider,120000000,115802596,229545589,113742993,109545589,True
289,90,"Apr 13, 2018",Rampage,120000000,101028233,428056280,327028047,308056280,True
290,91,"Jun 27, 2003",Charlie's Angels: Full Throttle,120000000,100814328,227200000,126385672,107200000,True
291,92,"Aug 9, 2013",Elysium,120000000,93050117,286192091,193141974,166192091,True
292,93,"Apr 19, 2013",Oblivion,120000000,89107235,287916633,198809398,167916633,True
293,94,"Mar 24, 2017",Power Rangers,120000000,85364450,142531552,57167102,22531552,True
294,95,"Jul 19, 2002",Stuart Little 2,120000000,64956806,166000000,101043194,46000000,True
295,96,"Feb 12, 2014",RoboCop,120000000,58607007,242981799,184374792,122981799,True
296,97,"Jun 11, 2004",The Chronicles of Riddick,120000000,57712751,107212751,49500000,-12787249,False
297,98,"Aug 7, 2015",Fantastic Four,120000000,56117548,167849187,111731639,47849187,True
298,99,"May 9, 2008",Speed Racer,120000000,43945766,93394462,49448696,-26605538,False
299,100,"Jul 22, 2005",The Island,120000000,35818913,163018913,127200000,43018913,True
300,1,"Dec 17, 2010",How Do You Know?,120000000,30212620,49628177,19415557,-70371823,False
301,2,"Jun 23, 2010",Knight and Day,117000000,76423035,258751370,182328335,141751370,True
302,3,"Oct 5, 2018",Venom,116000000,213511408,853628605,640117197,737628605,True
303,4,"May 19, 1999",Star Wars Ep. I: The Phantom Menace,115000000,474544677,1027044677,552500000,912044677,True
304,5,"May 19, 2005",Star Wars Ep. III: Revenge of the Sith,115000000,380270577,848998877,468728300,733998877,True
305,6,"May 16, 2002",Star Wars Ep. II: Attack of the Clones,115000000,310676740,656695615,346018875,541695615,True
306,7,"Nov 2, 2001","Monsters, Inc.",115000000,289423425,559757719,270334294,444757719,True
307,8,"Jul 26, 2013",The Wolverine,115000000,132556852,416456852,283900000,301456852,True
308,9,"Feb 7, 1997",Dante's Peak,115000000,67163857,178200000,111036143,63200000,True
309,10,"Apr 22, 2016",The Huntsman: Winterâs War,115000000,48003015,165149302,117146287,50149302,True
310,11,"Jun 14, 2002",Windtalkers,115000000,40914068,77628265,36714197,-37371735,False
311,12,"Jul 4, 2008",AstÃ©rix aux Jeux Olympiques,113500000,999811,132999811,132000000,19499811,True
312,13,"Dec 25, 2010",Gulliver's Travels,112000000,42779261,232017848,189238587,120017848,True
313,14,"Dec 15, 2017",Ferdinand,111000000,84410380,289847930,205437550,178847930,True
314,15,"May 18, 2018",Deadpool 2,110000000,324591735,786680557,462088822,676680557,True
315,16,"Oct 4, 2013",Gravity,110000000,274092705,693698673,419605968,583698673,True
316,17,"Dec 22, 2006",Night at the Museum,110000000,250863268,579446407,328583139,469446407,True
317,18,"Jun 10, 2005",Mr. and Mrs. Smith,110000000,186336279,486124090,299787811,376124090,True
318,19,"May 29, 2015",San Andreas,110000000,155190832,456258539,301067707,346258539,True
319,20,"Jul 29, 2011",The Smurfs,110000000,142614158,563749323,421135165,453749323,True
320,21,"Jun 27, 2007",Live Free or Die Hard,110000000,134529403,382288147,247758744,272288147,True
321,22,"Mar 20, 2015",The Divergent Series: Insurgent,110000000,130179072,295075882,164896810,185075882,True
322,23,"Dec 10, 2004",Ocean's Twelve,110000000,125531634,362989076,237457442,252989076,True
323,24,"Dec 19, 1997",Tomorrow Never Dies,110000000,125304276,339504276,214200000,229504276,True
324,25,"Jun 28, 2000",The Patriot,110000000,113330342,215300000,101969658,105300000,True
325,26,"Mar 7, 2014",300: Rise of an Empire,110000000,106580051,330780051,224200000,220780051,True
326,27,"Dec 17, 2004",The Aviator,110000000,102608827,208370892,105762065,98370892,True
327,28,"Dec 21, 2016",Passengers,110000000,100014699,302239672,202224973,192239672,True
328,29,"Jan 14, 2011",The Green Hornet,110000000,98780042,229155503,130375461,119155503,True
329,30,"Sep 30, 2016",Miss Peregrineâs Home for Peculiar Children,110000000,87242834,295986876,208744042,185986876,True
330,31,"Oct 7, 2011",Real Steel,110000000,85463309,263880341,178417032,153880341,True
331,32,"Jun 11, 2010",The A-Team,110000000,77222099,177241171,100019072,67241171,True
332,33,"Jul 31, 2013",The Smurfs 2,110000000,71017784,348547523,277529739,238547523,True
333,34,"Mar 18, 2016",The Divergent Series: Allegiant,110000000,66184051,172022517,105838466,62022517,True
334,35,"Jun 12, 2009",The Taking of Pelham 123,110000000,65452312,152364370,86912058,42364370,True
335,36,"Nov 1, 2013",Ender's Game,110000000,61737191,127983283,66246092,17983283,True
336,37,"Apr 2, 2004",Home on the Range,110000000,50026353,76482461,26456108,-33517539,False
337,38,"Jun 13, 1997",Speed 2: Cruise Control,110000000,48097081,150468000,102370919,40468000,True
338,39,"May 6, 2005",Kingdom of Heaven,110000000,47398413,218853353,171454940,108853353,True
339,40,"Mar 31, 2017",Ghost in the Shell,110000000,40563557,167910690,127347133,57910690,True
340,41,"Jun 16, 2004",Around the World in 80 Days,110000000,24004159,72004159,48000000,-37995841,False
341,42,"Jun 14, 2019",Men in Black: International,110000000,3100000,3100000,0,-106900000,False
342,43,"Dec 19, 2001",The Lord of the Rings: The Fellowship of the Ring,109000000,315544750,887210985,571666235,778210985,True
343,44,"Nov 21, 2003",The Cat in the Hat,109000000,101018283,133818283,32800000,24818283,True
344,45,"Dec 25, 2001",Ali,109000000,58183966,87683966,29500000,-21316034,False
345,46,"Oct 2, 2015",The Martian,108000000,228433663,655271443,426837780,547271443,True
346,47,"Nov 23, 2016",Allied,106000000,40098064,119266661,79168597,13266661,True
347,48,"Jul 16, 2004","I, Robot",105000000,144801023,348629585,203828562,243629585,True
348,49,"Dec 17, 1999",Stuart Little,105000000,140015224,298815224,158800000,193815224,True
349,50,"Nov 25, 2009",The Princess and the Frog,105000000,104400899,270997378,166596479,165997378,True
350,51,"Mar 7, 2008","10,000 B.C.",105000000,94784201,269065678,174281477,164065678,True
351,52,"Jul 22, 2016",Ice Age: Collision Course,105000000,64063008,402156682,338093674,297156682,True
352,53,"Apr 27, 2001",Town & Country,105000000,6712451,10364769,3652318,-94635231,False
353,54,"Sep 22, 2017",Kingsman: The Golden Circle,104000000,100234838,408803696,308568858,304803696,True
354,55,"Jun 9, 2000",Gone in 60 Seconds,103300000,101643008,232643008,131000000,129343008,True
355,56,"May 5, 2000",Gladiator,103000000,187683805,457683805,270000000,354683805,True
356,57,"May 23, 2013",The Hangover 3,103000000,112200072,362000072,249800000,259000072,True
357,58,"Mar 9, 2018",A Wrinkle in Time,103000000,100478608,133401882,32923274,30401882,True
358,59,"Jul 1, 2009",Public Enemies,102500000,97104620,212282709,115178089,109782709,True
359,60,"Nov 17, 2006",Casino Royale,102000000,167365000,594420283,427055283,492420283,True
360,61,"Jun 21, 2002",Minority Report,102000000,132024714,358824714,226800000,256824714,True
361,62,"Dec 21, 2018",Bumblebee,102000000,127195589,465195589,338000000,363195589,True
362,63,"Oct 26, 2012",Cloud Atlas,102000000,27108272,130673154,103564882,28673154,True
363,64,"Nov 15, 2002",Harry Potter and the Chamber of Secrets,100000000,262233381,879225135,616991754,779225135,True
364,65,"Jul 2, 1991",Terminator 2: Judgment Day,100000000,203464105,515419827,311955722,415419827,True
365,66,"Jun 16, 1995",Batman Forever,100000000,184031112,336529144,152498032,236529144,True
366,67,"Jul 27, 2001",Planet of the Apes,100000000,180011740,362211740,182200000,262211740,True
367,68,"Nov 19, 2004",National Treasure,100000000,173005002,331323410,158318408,231323410,True
368,69,"Dec 25, 2012",Django Unchained,100000000,162805434,449948323,287142889,349948323,True
369,70,"Dec 22, 2010",Little Fockers,100000000,148438600,310650574,162211974,210650574,True
370,71,"Jul 15, 1994",True Lies,100000000,146282411,365300000,219017589,265300000,True
371,72,"Nov 2, 2007",American Gangster,100000000,130164645,267985456,137820811,167985456,True
372,73,"Sep 18, 2009",Cloudy with a Chance of Meatballs,100000000,124870275,236827677,111957402,136827677,True
373,74,"Aug 6, 2010",The Other Guys,100000000,119219978,170936470,51716492,70936470,True
374,75,"Dec 17, 2004",Lemony Snicket's A Series of Unfortunate Events,100000000,118627117,212956024,94328907,112956024,True
375,76,"Dec 25, 2013",The Wolf of Wall Street,100000000,116900694,389870414,272969720,289870414,True
376,77,"May 24, 2013",Epic,100000000,107518682,262794441,155275759,162794441,True
377,78,"Jun 21, 1996",Eraser,100000000,101295562,234400000,133104438,134400000,True
378,79,"Jun 21, 1996",The Hunchback of Notre Dame,100000000,100138851,325500000,225361149,225500000,True
379,80,"Dec 15, 2000",The Emperor's New Groove,100000000,89296573,169296573,80000000,69296573,True
380,81,"Aug 17, 2012",The Expendables 2,100000000,85028192,311979256,226951064,211979256,True
381,82,"Oct 16, 2009",Where the Wild Things Are,100000000,77233467,99123656,21890189,-876344,False
382,83,"Dec 15, 2006",Eragon,100000000,75030163,249488115,174457952,149488115,True
383,84,"Jul 25, 2014",Hercules,100000000,72688614,243388614,170700000,143388614,True
384,85,"Dec 10, 2010",The Tourist,100000000,67631157,278731369,211100212,178731369,True
385,86,"Nov 24, 1999",End of Days,100000000,66889043,212026975,145137932,112026975,True
386,87,"Jun 11, 2004",The Stepford Wives,100000000,59475623,96221971,36746348,-3778029,False
387,88,"Jun 8, 2007",Surf's Up,100000000,58867694,145395745,86528051,45395745,True
388,89,"Dec 8, 2006",Blood Diamond,100000000,57377916,171377916,114000000,71377916,True
389,90,"Sep 24, 2010",Legend of the Guardians: The Owls of Ga'Hoole,100000000,55675313,139716717,84041404,39716717,True
390,91,"Nov 7, 1997",Starship Troopers,100000000,54768952,121100000,66331048,21100000,True
391,92,"Jun 5, 2009",Land of the Lost,100000000,49438370,69548641,20110271,-30451359,False
392,93,"Dec 25, 2003",Peter Pan,100000000,48417850,95255485,46837635,-4744515,False
393,94,"Mar 15, 2019",Wonder Park,100000000,45216793,115149422,69932629,15149422,True
394,95,"Jul 23, 2004",Catwoman,100000000,40202379,82145379,41943000,-17854621,False
395,96,"Aug 15, 2014",The Expendables 3,100000000,39322544,209461378,170138834,109461378,True
396,97,"Nov 27, 2002",Treasure Planet,100000000,38120554,91800000,53679446,-8200000,False
397,98,"Mar 12, 2010",Green Zone,100000000,35497337,97523020,62025683,-2476980,False
398,99,"Oct 20, 2017",Geostorm,100000000,33700160,220796009,187095849,120796009,True
399,100,"Dec 25, 2015",Point Break,100000000,28782481,126704591,97922110,26704591,True
400,1,"Dec 11, 2015",In the Heart of the Sea,100000000,25020758,89693309,64672551,-10306691,False
401,2,"Apr 18, 2014",Transcendence,100000000,23022309,103039258,80016949,3039258,True
402,3,"Feb 18, 2005",Son of the Mask,100000000,17018422,59918422,42900000,-40081578,False
403,4,"Dec 14, 2018",Mortal Engines,100000000,15951040,85287417,69336377,-14712583,False
404,5,"Aug 16, 2002",The Adventures of Pluto Nash,100000000,4411102,7094995,2683893,-92905005,False
405,6,"Jan 20, 2012",Jin lÃ­ng shÃ­ san chai,100000000,311434,98227017,97915583,-1772983,False
406,7,"Nov 6, 2015",The Peanuts Movie,99000000,130178411,250091610,119913199,151091610,True
407,8,"Feb 8, 2019",The LEGO Movie 2: The Second Part,99000000,105806508,190325698,84519190,91325698,True
408,9,"Nov 21, 2018",Robin Hood,99000000,30824628,84747441,53922813,-14252559,False
409,10,"May 4, 2001",The Mummy Returns,98000000,202007640,435040395,233032755,337040395,True
410,11,"Dec 20, 2002",Gangs of New York,97000000,77730500,183124621,105394121,86124621,True
411,12,"May 19, 2017",Alien: Covenant,97000000,74262031,238521247,164259216,141521247,True
412,13,"Mar 13, 2015",Cinderella,95000000,201151353,534551353,333400000,439551353,True
413,14,"Jul 13, 2012",Ice Age: Continental Drift,95000000,161321843,879765137,718443294,784765137,True
414,15,"Dec 28, 2001",Black Hawk Down,95000000,108638745,159691085,51052340,64691085,True
415,16,"May 27, 2010",Sex and the City 2,95000000,95347692,294680778,199333086,199680778,True
416,17,"Feb 12, 2010",Percy Jackson & the Olympians: The Lightning Thief,95000000,88768303,223050874,134282571,128050874,True
417,18,"Aug 10, 2012",The Campaign,95000000,86907746,104907746,18000000,9907746,True
418,19,"Nov 12, 2010",Unstoppable,95000000,81562942,165720921,84157979,70720921,True
419,20,"May 9, 1997",The Fifth Element,95000000,63570862,263898761,200327899,168898761,True
420,21,"Mar 31, 2000",The Road to El Dorado,95000000,50802661,65700000,14897339,-29300000,False
421,22,"Dec 11, 2009",The Lovely Bones,95000000,44114232,94894448,50780216,-105552,False
422,23,"Aug 19, 2016",Ben-Hur,95000000,26410477,91669648,65259171,-3330352,False
423,24,"Feb 6, 2015",Seventh Son,95000000,17725785,108874967,91149182,13874967,True
424,25,"May 30, 2003",Finding Nemo,94000000,380529370,936429370,555900000,842429370,True
425,26,"Dec 17, 2003",The Lord of the Rings: The Return of the King,94000000,377845905,1141403341,763557436,1047403341,True
426,27,"Dec 18, 2002",The Lord of the Rings: The Two Towers,94000000,342548984,934699645,592150661,840699645,True
427,28,"Jun 15, 2001",Lara Croft: Tomb Raider,94000000,131144183,273330185,142186002,179330185,True
428,29,"Feb 13, 2015",Kingsman: The Secret Service,94000000,128261724,404561724,276300000,310561724,True
429,30,"Jul 18, 2001",Jurassic Park III,93000000,181166115,365900000,184733885,272900000,True
430,31,"Aug 5, 2011",Rise of the Planet of the Apes,93000000,176760185,470986200,294226015,377986200,True
431,32,"Feb 14, 2008",The Spiderwick Chronicles,92500000,71195053,162839667,91644614,70339667,True
432,33,"Nov 5, 2004",The Incredibles,92000000,261441092,614726752,353285660,522726752,True
433,34,"Feb 14, 2013",A Good Day to Die Hard,92000000,67349198,304249198,236900000,212249198,True
434,35,"Apr 9, 2004",The Alamo,92000000,22406362,23911362,1505000,-68088638,False
435,36,"Dec 22, 1995",Cutthroat Island,92000000,10017322,18517322,8500000,-73482678,False
436,37,"Dec 25, 2013",The Secret Life of Walter Mitty,91000000,58236838,187861183,129624345,96861183,True
437,38,"Dec 20, 2017",Jumanji: Welcome to the Jungle,90000000,404508916,964496193,559987277,874496193,True
438,39,"Jul 1, 1997",Men in Black,90000000,250690539,587790539,337100000,497790539,True
439,40,"Nov 19, 1999",Toy Story 2,90000000,245852179,511358276,265506097,421358276,True
440,41,"Aug 3, 2001",Rush Hour 2,90000000,226164286,347425832,121261546,257425832,True
441,42,"Dec 25, 2009",Sherlock Holmes,90000000,209028679,498438212,289409533,408438212,True
442,43,"Jul 1, 2009",Ice Age: Dawn of the Dinosaurs,90000000,196573705,859701857,663128152,769701857,True
443,44,"Dec 14, 2018",Spider-Man: Into The Spider-Verse 3D,90000000,190173195,375381768,185208573,285381768,True
444,45,"Jul 21, 2000",What Lies Beneath,90000000,155464351,288693989,133229638,198693989,True
445,46,"Apr 15, 2011",Rio,90000000,143619809,487519809,343900000,397519809,True
446,47,"Oct 6, 2006",The Departed,90000000,132384315,289660619,157276304,199660619,True
447,48,"Nov 3, 2000",Charlie's Angels,90000000,125305545,259736090,134430545,169736090,True
448,49,"Jun 19, 1998",Mulan,90000000,120620254,303500000,182879746,213500000,True
449,50,"Aug 13, 2008",Tropic Thunder,90000000,110515313,191145256,80629943,101145256,True
450,51,"Dec 20, 2011",The Girl with the Dragon Tattoo,90000000,102515793,239373970,136858177,149373970,True
451,52,"Jul 11, 1997",Contact,90000000,100920329,165900000,64979671,75900000,True
452,53,"Jun 6, 2008",You Don't Mess With the Zohan,90000000,100018837,202910991,102892154,112910991,True
453,54,"May 19, 1995",Die Hard: With a Vengeance,90000000,100012499,366101666,266089167,276101666,True
454,55,"Sep 23, 2016",The Magnificent Seven,90000000,93432655,162525156,69092501,72525156,True
455,56,"Dec 18, 2015",Alvin and the Chipmunks: The Road Chip,90000000,85886987,249517956,163630969,159517956,True
456,57,"Jun 8, 2001",Atlantis: The Lost Empire,90000000,84052762,186049020,101996258,96049020,True
457,58,"Dec 25, 2008",Valkyrie,90000000,83107829,203932174,120824345,113932174,True
458,59,"Jul 24, 2015",Pixels,90000000,78765986,244041804,165275818,154041804,True
459,60,"Jun 29, 2001",Artificial Intelligence: AI,90000000,78616689,235900000,157283311,145900000,True
460,61,"Nov 26, 2003",The Haunted Mansion,90000000,75817994,155750628,79932634,65750628,True
461,62,"Aug 4, 2000",Hollow Man,90000000,73209340,191200000,117990660,101200000,True
462,63,"Apr 22, 2005",The Interpreter,90000000,72708161,162753837,90045676,72753837,True
463,64,"Aug 7, 2013",Percy Jackson: Sea of Monsters,90000000,68559554,200859554,132300000,110859554,True
464,65,"Jul 25, 2003",Lara Croft: Tomb Raider: The Cradle of Life,90000000,65653758,157092943,91439185,67092943,True
465,66,"Jun 10, 2016",Now You See Me 2,90000000,65075540,328325007,263249467,238325007,True
466,67,"Nov 21, 2001",Spy Game,90000000,62362560,143049560,80687000,53049560,True
467,68,"Apr 4, 1997",The Saint,90000000,61363304,169400000,108036696,79400000,True
468,69,"Mar 10, 2000",Mission to Mars,90000000,60874615,106000000,45125385,16000000,True
469,70,"Mar 16, 2018",Tomb Raider,90000000,58250803,273477501,215226698,183477501,True
470,71,"Dec 17, 1999",Bicentennial Man,90000000,58220776,87420776,29200000,-2579224,False
471,72,"Jul 7, 2004",King Arthur,90000000,51877963,203877963,152000000,113877963,True
472,73,"Apr 25, 1997",Volcano,90000000,47546796,120100000,72553204,30100000,True
473,74,"Mar 26, 1997",The Devil's Own,90000000,42885593,140900000,98014407,50900000,True
474,75,"Jul 19, 2002",K-19: The Widowmaker,90000000,35168966,65716126,30547160,-24283874,False
475,76,"Aug 19, 2011",Conan the Barbarian,90000000,21295021,63356133,42061112,-26643867,False
476,77,"Oct 21, 2011",The Three Musketeers,90000000,20377913,139877913,119500000,49877913,True
477,78,"Apr 21, 2017",The Promise,90000000,8224288,10551417,2327129,-79448583,False
478,79,"Nov 24, 2010",The Nutcracker in 3D,90000000,195459,20466016,20270557,-69533984,False
479,80,"Dec 13, 2017",Bright,90000000,0,0,0,-90000000,False
480,81,"Dec 31, 2019",Army of the Dead,90000000,0,0,0,-90000000,False
481,82,"May 10, 1996",Twister,88000000,241688385,495700000,254011615,407700000,True
482,83,"Jun 3, 2005",Cinderella Man,88000000,61649911,105021488,43371577,17021488,True
483,84,"Sep 14, 2018",The Predator,88000000,51024708,159487563,108462855,71487563,True
484,85,"Jul 8, 2005",Fantastic Four,87500000,154696080,333132750,178436670,245632750,True
485,86,"Feb 9, 2001",Hannibal,87000000,165092266,350100280,185008014,263100280,True
486,87,"Jul 25, 2003",Seabiscuit,86000000,120277854,148715342,28437488,62715342,True
487,88,"Dec 22, 2000",Cast Away,85000000,233632142,427230516,193598374,342230516,True
488,89,"Nov 17, 2006",Happy Feet,85000000,198000317,385000317,187000000,300000317,True
489,90,"Dec 7, 2001",Ocean's Eleven,85000000,183417150,450728529,267311379,365728529,True
490,91,"Jul 23, 2004",The Bourne Supremacy,85000000,176087450,311001124,134913674,226001124,True
491,92,"Jul 25, 1997",Air Force One,85000000,172956409,315268353,142311944,230268353,True
492,93,"Apr 3, 2009",Fast & Furious,85000000,155064265,363064265,208000000,278064265,True
493,94,"Mar 14, 2008",Horton Hears a Who,85000000,154529439,299477886,144948447,214477886,True
494,95,"Mar 21, 2014",Divergent,85000000,150947895,276014965,125067070,191014965,True
495,96,"Sep 28, 2012",Hotel Transylvania,85000000,148313048,378505812,230192764,293505812,True
496,97,"Apr 5, 2019",Shazam!,85000000,139606856,362899733,223292877,277899733,True
497,98,"Nov 21, 2007",Enchanted,85000000,127706877,340384141,212677264,255384141,True
498,99,"Feb 10, 2012",Safe House,85000000,126181630,208542162,82360532,123542162,True
499,100,"Jul 20, 2007",I Now Pronounce You Chuck and Larry,85000000,119725280,185708462,65983182,100708462,True
500,1,"Jun 8, 2007",Ocean's Thirteen,85000000,117144465,311744465,194600000,226744465,True
501,2,"Dec 25, 2009",Itâs Complicated,85000000,112735375,224614744,111879369,139614744,True
502,3,"Nov 20, 1998",Enemy of the State,85000000,111549836,250649836,139100000,165649836,True
503,4,"Sep 29, 2006",Open Season,85000000,85105259,191932158,106826899,106932158,True
504,5,"Nov 4, 2011",Tower Heist,85000000,78046570,150422946,72376376,65422946,True
505,6,"Nov 22, 2000",102 Dalmatians,85000000,66941559,66941559,0,-18058441,False
506,7,"Mar 30, 2012",Mirror Mirror,85000000,64935167,173613482,108678315,88613482,True
507,8,"Dec 8, 2006",The Holiday,85000000,63280000,205190324,141910324,120190324,True
508,9,"Jun 16, 2006",The Fast and the Furious: Tokyo Drift,85000000,62615510,157794205,95178695,72794205,True
509,10,"Dec 9, 2005",Memoirs of a Geisha,85000000,57010853,161510853,104500000,76510853,True
510,11,"Mar 16, 2001",Enemy at the Gates,85000000,51396781,96971293,45574512,11971293,True
511,12,"Jun 18, 1993",Last Action Hero,85000000,50016394,137298489,87282095,52298489,True
512,13,"Sep 26, 2003",The Rundown,85000000,47641743,80831893,33190150,-4168107,False
513,14,"Nov 23, 2011",Arthur Christmas,85000000,46462469,149717124,103254655,64717124,True
514,15,"Jan 20, 2017",xXx: Return of Xander Cage,85000000,44898413,345033359,300134946,260033359,True
515,16,"Nov 13, 1998",Meet Joe Black,85000000,44650003,44650003,0,-40349997,False
516,17,"Jul 30, 2010",Cats & Dogs: The Revenge of Kitty Galore,85000000,43585753,113026383,69440630,28026383,True
517,18,"Feb 8, 2002",Collateral Damage,85000000,40048332,78353508,38305176,-6646492,False
518,19,"Mar 15, 2002",Showtime,85000000,37948765,78948765,41000000,-6051235,False
519,20,"Jun 30, 1995",Judge Dredd,85000000,34687912,113487912,78800000,28487912,True
520,21,"Mar 2, 2007",Zodiac,85000000,33080084,83080084,50000000,-1919916,False
521,22,"Aug 13, 2010",Scott Pilgrim vs. The World,85000000,31611316,48056764,16445448,-36943236,False
522,23,"Mar 28, 2003",The Core,85000000,31111260,74132631,43021371,-10867369,False
523,24,"May 9, 1997",Father's Day,85000000,28681080,35681080,7000000,-49318920,False
524,25,"Dec 20, 2017",The Greatest Showman,84000000,174340174,386665550,212325376,302665550,True
525,26,"Jun 14, 2002",Scooby-Doo,84000000,153294164,276294164,123000000,192294164,True
526,27,"Jul 28, 2000",Nutty Professor II: The Klumps,84000000,123307945,166307945,43000000,82307945,True
527,28,"Jul 19, 2013",RED 2,84000000,53262560,141507355,88244795,57507355,True
528,29,"Jun 23, 2006",Click,82500000,137355633,237685089,100329456,155185089,True
529,30,"Dec 15, 2006",Charlotte's Web,82500000,82985708,143985708,61000000,61485708,True
530,31,"Feb 14, 2008",Jumper,82500000,80172128,222640812,142468684,140140812,True
531,32,"Jul 11, 2008",Hellboy II: The Golden Army,82500000,75986503,160388063,84401560,77888063,True
532,33,"May 27, 2005",The Longest Yard,82000000,158119460,191558505,33439045,109558505,True
533,34,"Aug 13, 2010",The Expendables,82000000,103068524,268268174,165199650,186268174,True
534,35,"Nov 17, 2000",The 6th Day,82000000,34543701,96024898,61481197,14024898,True
535,36,"Feb 21, 2020",Call of the Wild,82000000,0,0,0,-82000000,False
536,37,"May 23, 2003",Bruce Almighty,81000000,242704995,484468608,241763613,403468608,True
537,38,"Mar 23, 2012",The Hunger Games,80000000,408010692,677923379,269912687,597923379,True
538,39,"May 26, 2011",The Hangover Part II,80000000,254464305,586464305,332000000,506464305,True
539,40,"May 21, 1996",Mission: Impossible,80000000,180981886,457697994,276716108,377697994,True
540,41,"Feb 10, 2017",The Lego Batman Movie,80000000,175750384,310660018,134909634,230660018,True
541,42,"Sep 25, 2015",Hotel Transylvania 2,80000000,169700110,469500298,299800188,389500298,True
542,43,"Jun 18, 1992",Batman Returns,80000000,162833635,266824291,103990656,186824291,True
543,44,"May 7, 1999",The Mummy,80000000,155385488,416385488,261000000,336385488,True
544,45,"May 19, 2006",Over the Hedge,80000000,155019340,343397247,188377907,263397247,True
545,46,"Jun 21, 2002",Lilo & Stitch,80000000,145771527,245800000,100028473,165800000,True
546,47,"May 8, 1998",Deep Impact,80000000,140464664,349464664,209000000,269464664,True
547,48,"Jul 12, 2013",Grown Ups 2,80000000,133668525,247023808,113355283,167023808,True
548,49,"Dec 16, 2011",Alvin and the Chipmunks: Chipwrecked,80000000,133107389,349088523,215981134,269088523,True
549,50,"Jun 20, 2008",Get Smart,80000000,130319208,226739416,96420208,146739416,True
550,51,"Mar 11, 2005",Robots,80000000,128200012,260700012,132500000,180700012,True
551,52,"Feb 19, 2010",Shutter Island,80000000,128012934,299461782,171448848,219461782,True
552,53,"Dec 12, 2003",Something's Gotta Give,80000000,124685242,266685242,142000000,186685242,True
553,54,"Nov 26, 2008",Four Christmases,80000000,120146040,168311558,48165518,88311558,True
554,55,"Jun 27, 1997",Face/Off,80000000,112276146,241200000,128923854,161200000,True
555,56,"Dec 25, 2008",Bedtime Stories,80000000,110101975,221468935,111366960,141468935,True
556,57,"Jul 12, 2002",Road to Perdition,80000000,104054514,183354514,79300000,103354514,True
557,58,"Feb 11, 2011",Just Go With It,80000000,103028109,214974953,111946844,134974953,True
558,59,"Feb 14, 2003",Daredevil,80000000,102543518,182782518,80239000,102782518,True
559,60,"Sep 26, 2008",Eagle Eye,80000000,101440743,180585259,79144516,100585259,True
560,61,"Jun 6, 1997",Con Air,80000000,101117573,224117573,123000000,144117573,True
561,62,"Dec 17, 2010",Yogi Bear,80000000,100246011,204774690,104528679,124774690,True
562,63,"Dec 25, 2003",Cold Mountain,80000000,95632614,165173909,69541295,85173909,True
563,64,"Jan 15, 2010",The Book of Eli,80000000,94835059,158750817,63915758,78750817,True
564,65,"Nov 26, 1997",Flubber,80000000,92993801,177993801,85000000,97993801,True
565,66,"Jul 23, 1999",The Haunting,80000000,91188905,180188905,89000000,100188905,True
566,67,"Nov 15, 1996",Space Jam,80000000,90463534,250200000,159736466,170200000,True
567,68,"Oct 17, 2014",Fury,80000000,85817906,210315681,124497775,130315681,True
568,69,"Sep 28, 2018",Smallfoot,80000000,83240103,213691277,130451174,133691277,True
569,70,"Feb 10, 2006",The Pink Panther,80000000,82226474,158926474,76700000,78926474,True
570,71,"Jul 8, 2011",Zookeeper,80000000,80360866,170805525,90444659,90805525,True
571,72,"Dec 12, 2008",The Day the Earth Stood Still,80000000,79366978,237370350,158003372,157370350,True
572,73,"Aug 8, 1997",Conspiracy Theory,80000000,76118990,142783718,66664728,62783718,True
573,74,"Jun 12, 1998","Six Days, Seven Nights",80000000,74339294,164800000,90460706,84800000,True
574,75,"May 24, 2002",Spirit: Stallion of the Cimarron,80000000,73215310,106515310,33300000,26515310,True
575,76,"Jun 8, 2001",Swordfish,80000000,69772969,147080413,77307444,67080413,True
576,77,"Dec 31, 1999",Fantasia 2000 (Theatrical Release),80000000,69610858,69618634,7776,-10381366,False
577,78,"Apr 3, 1998",Lost In Space,80000000,69117629,136047317,66929688,56047317,True
578,79,"Jul 30, 2004",The Manchurian Candidate,80000000,65948711,96148711,30200000,16148711,True
579,80,"Nov 22, 2006",DÃ©jÃ Vu,80000000,64038616,181038616,117000000,101038616,True
580,81,"Jun 7, 2019",The Secret Life of Pets 2,80000000,63795655,113351496,49555841,33351496,True
581,82,"Jun 24, 2005",Bewitched,80000000,63313159,131159306,67846147,51159306,True
582,83,"Mar 8, 2002",The Time Machine,80000000,56684819,98983590,42298771,18983590,True
583,84,"Oct 2, 1998",What Dreams May Come,80000000,55485043,71485043,16000000,-8514957,False
584,85,"Dec 25, 1998",Mighty Joe Young,80000000,50632037,50632037,0,-29367963,False
585,86,"Oct 28, 2005",The Legend of Zorro,80000000,45575336,141475336,95900000,61475336,True
586,87,"Nov 10, 2000",Little Nicky,80000000,39442871,58270391,18827520,-21729609,False
587,88,"Sep 25, 2009",Surrogates,80000000,38577772,119668350,81090578,39668350,True
588,89,"Jun 8, 2001",Evolution,80000000,38311134,98341932,60030798,18341932,True
589,90,"Aug 26, 2005",The Brothers Grimm,80000000,37899638,105299638,67400000,25299638,True
590,91,"Dec 13, 1996",Mars Attacks!,80000000,37771017,101371017,63600000,21371017,True
591,92,"Apr 14, 2006",The Wild,80000000,37384046,99010667,61626621,19010667,True
592,93,"Dec 20, 2013",Walking with Dinosaurs,80000000,36076121,123368842,87292721,43368842,True
593,94,"Dec 22, 2000",Thirteen Days,80000000,34566746,66554547,31987801,-13445453,False
594,95,"Dec 6, 1996",Daylight,80000000,32908290,158908290,126000000,78908290,True
595,96,"Oct 23, 2015",The Last Witch Hunter,80000000,27367660,130818912,103451252,50818912,True
596,97,"Feb 21, 2014",Pompeii,80000000,23169033,108469033,85300000,28469033,True
597,98,"May 12, 2000",Battlefield Earth: A Saga of the Year 3000,80000000,21471685,29725663,8253978,-50274337,False
598,99,"Nov 14, 2003",Looney Tunes: Back in Action,80000000,20950820,54540662,33589842,-25459338,False
599,100,"Dec 18, 2009",Nine,80000000,19676965,53508858,33831893,-26491142,False
600,1,"Nov 26, 2003",Timeline,80000000,19480739,26703184,7222445,-53296816,False
601,2,"Apr 22, 2010",Oceans,80000000,19422319,86787530,67365211,6787530,True
602,3,"Nov 25, 1998",Babe: Pig in the City,80000000,18319860,69131860,50812000,-10868140,False
603,4,"Dec 25, 1997",The Postman,80000000,17650704,20841123,3190419,-59158877,False
604,5,"Nov 10, 2000",Red Planet,80000000,17480890,33463969,15983079,-46536031,False
605,6,"Jan 12, 2007",Arthur et les Minimoys,80000000,15132763,113325743,98192980,33325743,True
606,7,"Aug 17, 2007",The Invasion,80000000,15074191,40147042,25072851,-39852958,False
607,8,"Sep 2, 2005",A Sound of Thunder,80000000,1900451,6300451,4400000,-73699549,False
608,9,"Jun 15, 1994",The Lion King,79300000,421785283,986214868,564429585,906914868,True
609,10,"Feb 10, 2012",Journey 2: The Mysterious Island,79000000,103860290,318146162,214285872,239146162,True
610,11,"Nov 11, 2011",Jack and Jill,79000000,74158157,150519217,76361060,71519217,True
611,12,"Dec 21, 2001",A Beautiful Mind,78000000,170708996,317668058,146959062,239668058,True
612,13,"Sep 27, 2013",Cloudy with a Chance of Meatballs 2,78000000,119793567,274392649,154599082,196392649,True
613,14,"Oct 4, 2002",Red Dragon,78000000,92955420,206455420,113500000,128455420,True
614,15,"Mar 5, 2004",Hidalgo,78000000,67286731,108086731,40800000,30086731,True
615,16,"Jul 11, 2003",The League of Extraordinary Gentlemen,78000000,66465204,179265204,112800000,101265204,True
616,17,"Aug 20, 2004",Exorcist: The Beginning,78000000,41814863,43957541,2142678,-34042459,False
617,18,"Dec 31, 2012",AstÃ©rix et ObÃ©lix: Au service de Sa MajestÃ©,77600000,0,60680125,60680125,-16919875,False
618,19,"Feb 12, 2016",The Little Prince,77500000,1311213,102028919,100717706,24528919,True
619,20,"Jan 22, 2019",Renegades,77500000,0,1521672,1521672,-75978328,False
620,21,"Jul 20, 2018",The Equalizer 2,77000000,102084362,190453132,88368770,113453132,True
621,22,"Jul 3, 2013",Despicable Me 2,76000000,368065385,975216835,607151450,899216835,True
622,23,"Jun 6, 2003",2 Fast 2 Furious,76000000,127120058,236410607,109290549,160410607,True
623,24,"Dec 25, 2006",Children of Men,76000000,35552383,69845011,34292628,-6154989,False
624,25,"Jun 30, 2000",The Adventures of Rocky & Bullwinkle,76000000,26000610,35129610,9129000,-40870390,False
625,26,"Jul 8, 2016",The Secret Life of Pets,75000000,368384330,886750534,518366204,811750534,True
626,27,"Jul 2, 1996",Independence Day,75000000,306169255,817400878,511231623,742400878,True
627,28,"Nov 9, 2018",Dr. Seussâ The Grinch,75000000,270620950,511002426,240381476,436002426,True
628,29,"Dec 21, 2016",Sing,75000000,270329045,634454789,364125744,559454789,True
629,30,"Jun 30, 2017",Despicable Me 3,75000000,264624300,1034727750,770103450,959727750,True
630,31,"May 22, 1997",The Lost World: Jurassic Park,75000000,229086679,618638999,389552320,543638999,True
631,32,"Mar 31, 2006",Ice Age: The Meltdown,75000000,195330621,651899282,456568661,576899282,True
632,33,"May 27, 2005",Madagascar,75000000,193595521,556559566,362964045,481559566,True
633,34,"Jun 25, 2010",Grown Ups,75000000,162001186,272223430,110222244,197223430,True
634,35,"Oct 1, 2004",Shark Tale,75000000,161412000,371917043,210505043,296917043,True
635,36,"Jul 14, 2000",X-Men,75000000,157299717,296872367,139572650,221872367,True
636,37,"Jun 27, 2008",Wanted,75000000,134508551,342416460,207907909,267416460,True
637,38,"Jun 7, 1996",The Rock,75000000,134069511,336069511,202000000,261069511,True
638,39,"Feb 13, 2004",50 First Dates,75000000,120776832,196320329,75543497,121320329,True
639,40,"Jul 20, 2007",Hairspray,75000000,118871849,203035572,84163723,128035572,True
640,41,"May 31, 2013",Now You See Me,75000000,117723989,342769200,225045211,267769200,True
641,42,"Dec 15, 2006",Dreamgirls,75000000,103365956,155708695,52342739,80708695,True
642,43,"Aug 3, 2018",Christopher Robin,75000000,99215042,197504758,98289716,122504758,True
643,44,"Jul 23, 1999",Inspector Gadget,75000000,97387965,97387965,0,22387965,True
644,45,"Nov 11, 2011",Immortals,75000000,83504017,211562435,128058418,136562435,True
645,46,"Jun 18, 2004",The Terminal,75000000,77073959,218673959,141600000,143673959,True
646,47,"Feb 18, 2005",Constantine,75000000,75976178,221594911,145618733,146594911,True
647,48,"Jul 21, 2006",Monster House,75000000,73661010,141267370,67606360,66267370,True
648,49,"Dec 8, 2000",Vertical Limit,75000000,68473360,213500000,145026640,138500000,True
649,50,"Dec 21, 2007",Charlie Wilson's War,75000000,66661095,119512771,52851676,44512771,True
650,51,"Apr 16, 1999",Life,75000000,64062587,73521587,9459000,-1478413,False
651,52,"Mar 4, 2005",Be Cool,75000000,55849401,94944017,39094616,19944017,True
652,53,"Dec 23, 2005",Munich,75000000,47379090,131492772,84113682,56492772,True
653,54,"Jun 4, 2010",Killers,75000000,47059963,95572749,48512786,20572749,True
654,55,"Aug 14, 2015",The Man From U.N.C.L.E.,75000000,45445109,104949584,59504475,29949584,True
655,56,"Mar 7, 2003",Tears of the Sun,75000000,43632458,85632458,42000000,10632458,True
656,57,"Jul 21, 2006",Lady in the Water,75000000,42285169,72785169,30500000,-2214831,False
657,58,"Dec 17, 2004",Spanglish,75000000,42044321,54344321,12300000,-20655679,False
658,59,"Oct 12, 2001",Bandits,75000000,41523271,71523271,30000000,-3476729,False
659,60,"Dec 17, 1999",Anna and the King,75000000,39251128,39251128,0,-35748872,False
660,61,"Jul 7, 1995",First Knight,75000000,37361412,127361412,90000000,52361412,True
661,62,"Mar 25, 2011",Sucker Punch,75000000,36392502,89758389,53365887,14758389,True
662,63,"Mar 11, 2005",Hostage,75000000,34636443,77636443,43000000,2636443,True
663,64,"Oct 28, 2016",Inferno,75000000,34343574,219519367,185175793,144519367,True
664,65,"Jun 13, 2003",Hollywood Homicide,75000000,30207785,50409753,20201968,-24590247,False
665,66,"Jun 16, 2000",Titan A.E.,75000000,22751979,36751979,14000000,-38248021,False
666,67,"Dec 17, 2004",Flight of the Phoenix,75000000,21009180,34009180,13000000,-40990820,False
667,68,"Oct 23, 1998",Soldier,75000000,14623082,14623082,0,-60376918,False
668,69,"Jan 15, 1999",Virus,75000000,14010690,30626690,16616000,-44373310,False
669,70,"Feb 23, 2001",Monkeybone,75000000,5409517,5409517,0,-69590483,False
670,71,"Aug 30, 2019",PLAYMOBIL,75000000,0,0,0,-75000000,False
671,72,"Dec 31, 2019",355,75000000,0,0,0,-75000000,False
672,73,"Jul 10, 2015",Minions,74000000,336045770,1160336173,824290403,1086336173,True
673,74,"Feb 6, 2015",The SpongeBob Movie: Sponge Out of Water,74000000,162994032,311013181,148019149,237013181,True
674,75,"Nov 22, 2000",Unbreakable,73243106,94999143,248099143,153100000,174856037,True
675,76,"Aug 4, 2006",Talladega Nights: The Ballad of Ricky Bobby,73000000,148213377,162870525,14657148,89870525,True
676,77,"May 20, 2016",The Angry Birds Movie,73000000,107509366,352327887,244818521,279327887,True
677,78,"Aug 7, 1998",Snake Eyes,73000000,55591409,103891409,48300000,30891409,True
678,79,"Feb 13, 1998",Sphere,73000000,37068294,50168294,13100000,-22831706,False
679,80,"Jul 27, 2007",The Simpsons Movie,72500000,183135014,527071022,343936008,454571022,True
680,81,"Feb 8, 2008",Fool's Gold,72500000,70231041,109362966,39131925,36862966,True
681,82,"Jul 31, 2009",Funny People,72500000,51855045,71880305,20025260,-619695,False
682,83,"Sep 28, 2007",The Kingdom,72500000,47467250,86509602,39042352,14009602,True
683,84,"Jun 22, 2001",Dr. Dolittle 2,72000000,112950721,176101721,63151000,104101721,True
684,85,"May 24, 1995",Braveheart,72000000,75545647,209045244,133499597,137045244,True
685,86,"Nov 4, 2005",Jarhead,72000000,62647540,96947540,34300000,24947540,True
686,87,"Apr 27, 2001",Driven,72000000,32616869,54616869,22000000,-17383131,False
687,88,"Dec 21, 2001",The Majestic,72000000,27796042,37306334,9510292,-34693666,False
688,89,"Jun 25, 2004",Two Brothers,72000000,19176754,62176754,43000000,-9823246,False
689,90,"Jul 30, 2004",The Village,71682975,114197520,257641634,143444114,185958659,True
690,91,"Jun 26, 1998",Doctor Dolittle,71500000,144156605,294156605,150000000,222656605,True
691,92,"Aug 2, 2002",Signs,70702619,227969295,408269295,180300000,337566676,True
692,93,"May 19, 2004",Shrek 2,70000000,441226247,937008132,495781885,867008132,True
693,94,"Jun 9, 2006",Cars,70000000,244082982,461651246,217568264,391651246,True
694,95,"Dec 23, 2009",Alvin and the Chipmunks: The Squeakquel,70000000,219614612,443483213,223868601,373483213,True
695,96,"Jun 22, 1988",Who Framed Roger Rabbit?,70000000,154112492,351500000,197387508,281500000,True
696,97,"Jul 30, 1999",Runaway Bride,70000000,152257509,310138178,157880669,240138178,True
697,98,"Aug 9, 2002",xXx,70000000,141930000,267200000,125270000,197200000,True
698,99,"Jun 8, 2018",Oceanâs 8,70000000,140218711,297115976,156897265,227115976,True
699,100,"Nov 8, 1996",Ransom,70000000,136492681,308700000,172207319,238700000,True
700,1,"Aug 21, 2009",Inglourious Basterds,70000000,120774594,316915264,196140670,246915264,True
701,2,"Dec 11, 1991",Hook,70000000,119654823,300854823,181200000,230854823,True
702,3,"Jul 3, 1990",Die Hard 2,70000000,117323878,239814025,122490147,169814025,True
703,4,"Aug 8, 2003",S.W.A.T.,70000000,116877597,207154748,90277151,137154748,True
704,5,"Nov 10, 2017",Daddyâs Home 2,70000000,104029443,175807183,71777740,105807183,True
705,6,"Nov 19, 1999",Sleepy Hollow,70000000,101068340,207068340,106000000,137068340,True
706,7,"Dec 14, 2001",Vanilla Sky,70000000,100614858,202726605,102111747,132726605,True
707,8,"Jun 13, 1997",Hercules,70000000,99112101,250700000,151587899,180700000,True
708,9,"Mar 22, 2013",Olympus Has Fallen,70000000,98927592,172878928,73951336,102878928,True
709,10,"Mar 11, 2011",Battle: Los Angeles,70000000,83552429,213463976,129911547,143463976,True
710,11,"Aug 13, 2004",AVP: Alien Vs. Predator,70000000,80281096,172543519,92262423,102543519,True
711,12,"Dec 25, 2011",War Horse,70000000,79883359,156815529,76932170,86815529,True
712,13,"Mar 1, 2002",We Were Soldiers,70000000,78120196,114658262,36538066,44658262,True
713,14,"Feb 7, 2014",The Monuments Men,70000000,78031620,158702748,80671128,88702748,True
714,15,"Sep 23, 2016",Storks,70000000,72679278,183353431,110674153,113353431,True
715,16,"Dec 11, 1998",Star Trek: Insurrection,70000000,70187658,117800000,47612342,47800000,True
716,17,"Dec 10, 2003",Big Fish,70000000,66432867,123954323,57521456,53954323,True
717,18,"Jun 17, 1994",Wolf,70000000,65011757,131011757,66000000,61011757,True
718,19,"Jan 20, 2012",Underworld: Awakening,70000000,62321039,160379930,98058891,90379930,True
719,20,"Sep 22, 2017",The Lego Ninjago Movie,70000000,59281555,122737201,63455646,52737201,True
720,21,"Oct 10, 2014",Dracula Untold,70000000,55991880,220241723,164249843,150241723,True
721,22,"Sep 29, 2006",The Guardian,70000000,55011732,94973540,39961808,24973540,True
722,23,"Aug 9, 1989",The Abyss,70000000,54243125,54243125,0,-15756875,False
723,24,"Sep 24, 2010",Wall Street 2: Money Never Sleeps,70000000,52474616,137431619,84957003,67431619,True
724,25,"Jan 14, 2011",The Dilemma,70000000,48475290,70546865,22071575,546865,True
725,26,"Dec 25, 2005",Rumor Has It,70000000,42996140,88933562,45937422,18933562,True
726,27,"Nov 6, 1998",The Siege,70000000,40934175,116625798,75691623,46625798,True
727,28,"Aug 10, 2007",Stardust,70000000,38634938,137022245,98387307,67022245,True
728,29,"Jun 15, 2012",Rock of Ages,70000000,38518613,61031932,22513319,-8968068,False
729,30,"Oct 8, 1997",Seven Years in Tibet,70000000,37945884,131445884,93500000,61445884,True
730,31,"Sep 17, 2004",Sky Captain and the World of Tomorrow,70000000,37760080,49730854,11970774,-20269146,False
731,32,"Sep 14, 2007",The Brave One,70000000,36793804,69792704,32998900,-207296,False
732,33,"Nov 1, 2002",I Spy,70000000,33561137,60279822,26718685,-9720178,False
733,34,"Jun 7, 2002",Bad Company,70000000,30157016,69157016,39000000,-842984,False
734,35,"Oct 21, 2005",Doom,70000000,28212337,58757178,30544841,-11242822,False
735,36,"Jan 29, 2016",The Finest Hours,70000000,27569558,49252761,21683203,-20747239,False
736,37,"Oct 18, 2013",Escape Plan,70000000,25135965,103735965,78600000,33735965,True
737,38,"Sep 23, 2011",Killer Elite,70000000,25124986,65409046,40284060,-4590954,False
738,39,"Jan 16, 1998",Hard Rain,70000000,19870567,19870567,0,-50129433,False
739,40,"Feb 15, 2002",Hart's War,70000000,19076815,33076815,14000000,-36923185,False
740,41,"Feb 8, 2002",Rollerball,70000000,18990542,25852508,6861966,-44147492,False
741,42,"Jan 10, 2014",The Legend of Hercules,70000000,18848538,58953319,40104781,-11046681,False
742,43,"Apr 27, 2007",Next,70000000,18211013,73591500,55380487,3591500,True
743,44,"Sep 20, 2002",Ballistic: Ecks vs. Sever,70000000,14294842,14294842,0,-55705158,False
744,45,"Aug 10, 2001",Osmosis Jones,70000000,13596911,13596911,0,-56403089,False
745,46,"May 9, 2014",Legends of Oz: Dorothyâs Return,70000000,8462347,20107933,11645586,-49892067,False
746,47,"Jan 16, 2015",Blackhat,70000000,8005980,19665004,11659024,-50334996,False
747,48,"Mar 31, 2006",Basic Instinct 2,70000000,5946136,35417162,29471026,-34582838,False
748,49,"May 28, 2010",Agora,70000000,619423,38992292,38372869,-31007708,False
749,50,"Jul 9, 2010",Despicable Me,69000000,251513985,543464573,291950588,474464573,True
750,51,"Jul 30, 2010",Dinner for Schmucks,69000000,73026337,86796502,13770165,17796502,True
751,52,"Mar 2, 2018",Red Sparrow,69000000,46874505,145951861,99077356,76951861,True
752,53,"Jun 30, 2010",The Twilight Saga: Eclipse,68000000,300531751,706102828,405571077,638102828,True
753,54,"May 31, 2002",The Sum of All Fears,68000000,118471320,193500000,75028680,125500000,True
754,55,"Jun 26, 2015",Ted 2,68000000,81476385,217214143,135737758,149214143,True
755,56,"Jul 13, 2001",The Score,68000000,71069884,113542091,42472207,45542091,True
756,57,"Feb 25, 2011",Hall Pass,68000000,45060734,87173475,42112741,19173475,True
757,58,"Nov 22, 1995",Money Train,68000000,35324232,77224232,41900000,9224232,True
758,59,"Mar 21, 2003",Dreamcatcher,68000000,33685268,75685268,42000000,7685268,True
759,60,"Aug 6, 1999",Mystery Men,68000000,29762011,33462011,3700000,-34537989,False
760,61,"Nov 5, 1999",The Insider,68000000,28965197,60265197,31300000,-7734803,False
761,62,"Dec 22, 2017",Downsizing,68000000,24449754,54462971,30013217,-13537029,False
762,63,"Mar 2, 2012",Doctor Seuss' The Lorax,67500000,214030500,350976753,136946253,283476753,True
763,64,"Oct 10, 2008",Body of Lies,67500000,39394666,118556530,79161864,51056530,True
764,65,"Jun 22, 2012",Abraham Lincoln: Vampire Hunter,67500000,37519139,137489730,99970591,69989730,True
765,66,"Sep 20, 1996",Last Man Standing,67000000,18115927,18115927,0,-48884073,False
766,67,"Aug 17, 2007",The Last Legion,67000000,5932060,25357771,19425711,-41642229,False
767,68,"Apr 30, 1999",Entrapment,66000000,87707396,211700000,123992604,145700000,True
768,69,"Jun 19, 1998",The X Files: Fight the Future,66000000,83898313,189176423,105278110,123176423,True
769,70,"Mar 14, 2014",Need for Speed,66000000,43568507,194169619,150601112,128169619,True
770,71,"Jul 24, 1998",Saving Private Ryan,65000000,216335085,485035085,268700000,420035085,True
771,72,"Dec 15, 2000",What Women Want,65000000,182805123,374105123,191300000,309105123,True
772,73,"Nov 9, 2012",Lincoln,65000000,182207973,273346281,91138308,208346281,True
773,74,"Mar 15, 2002",Ice Age,65000000,176387405,386116343,209728938,321116343,True
774,75,"Jun 30, 1995",Apollo 13,65000000,173772767,335802271,162029504,270802271,True
775,76,"Mar 31, 1999",The Matrix,65000000,171479930,463517383,292037453,398517383,True
776,77,"Jul 13, 2018",Hotel Transylvania 3: Summer Vacation,65000000,167500092,527079962,359579870,462079962,True
777,78,"Dec 25, 2012",Les Miserables,65000000,148809770,442169052,293359282,377169052,True
778,79,"Nov 1, 2002",The Santa Clause 2,65000000,139225854,172825854,33600000,107825854,True
779,80,"Jun 1, 1990",Total Recall,65000000,119394839,261400000,142005161,196400000,True
780,81,"Dec 18, 1998",You've Got Mail,65000000,115821495,250800000,134978505,185800000,True
781,82,"Dec 25, 2014",Unbroken,65000000,115637895,163527824,47889929,98527824,True
782,83,"Jun 5, 2015",Spy!,65000000,110825712,232585748,121760036,167585748,True
783,84,"Nov 5, 2010",Due Date,65000000,100539043,211739043,111200000,146739043,True
784,85,"Jul 25, 2008",Step Brothers,65000000,100468793,128468793,28000000,63468793,True
785,86,"Dec 15, 1995",Jumanji,65000000,100458310,262758310,162300000,197758310,True
786,87,"Jul 17, 1998",The Mask of Zorro,65000000,93828745,233700000,139871255,168700000,True
787,88,"Aug 4, 2000",Space Cowboys,65000000,90454043,128874043,38420000,63874043,True
788,89,"Dec 19, 2014",Annie,65000000,85911262,139829625,53918363,74829625,True
789,90,"May 28, 1993",Cliffhanger,65000000,84049211,255000000,170950789,190000000,True
790,91,"Aug 12, 2016",Peteâs Dragon,65000000,76233151,137768975,61535824,72768975,True
791,92,"Feb 9, 1996",Broken Arrow,65000000,70645997,148345997,77700000,83345997,True
792,93,"Aug 9, 2006",World Trade Center,65000000,70278893,163295654,93016761,98295654,True
793,94,"Jul 7, 2000",The Kid,65000000,69688384,69688384,0,4688384,True
794,95,"Dec 19, 2003",Mona Lisa Smile,65000000,63803100,141205169,77402069,76205169,True
795,96,"May 16, 2012",The Dictator,65000000,59650222,180148897,120498675,115148897,True
796,97,"Jul 16, 1999",Eyes Wide Shut,65000000,55691208,104267443,48576235,39267443,True
797,98,"Feb 17, 2012",This Means War,65000000,54760791,156974557,102213766,91974557,True
798,99,"Feb 27, 2015",Focus,65000000,53862963,168065700,114202737,103065700,True
799,100,"Dec 8, 2004",Blade: Trinity,65000000,52397389,131353165,78955776,66353165,True
800,1,"Nov 21, 2012",Red Dawn,65000000,44806783,48164150,3357367,-16835850,False
801,2,"Dec 22, 2006",We Are Marshall,65000000,43545364,43545364,0,-21454636,False
802,3,"Sep 18, 2015",Everest,65000000,43482270,221297061,177814791,156297061,True
803,4,"Sep 14, 2012",Resident Evil: Retribution,65000000,42345531,240647629,198302098,175647629,True
804,5,"Mar 20, 1998",Primary Colors,65000000,39017984,39017984,0,-25982016,False
805,6,"Oct 15, 1999",Fight Club,65000000,37030102,100851705,63821603,35851705,True
806,7,"Aug 22, 2008",Death Race,65000000,36316032,72516819,36200787,7516819,True
807,8,"Oct 11, 1996",The Long Kiss Goodnight,65000000,33447612,33447612,0,-31552388,False
808,9,"Dec 8, 2000",Proof of Life,65000000,32598931,62761005,30162074,-2238995,False
809,10,"Nov 11, 2005",Zathura,65000000,28045540,58545540,30500000,-6454460,False
810,11,"Nov 26, 2003",The Missing,65000000,26900336,38253433,11353097,-26746567,False
811,12,"Jan 14, 2005",Elektra,65000000,24409722,56824633,32414911,-8175367,False
812,13,"Oct 23, 2009",Astro Boy,65000000,19551067,41636243,22085176,-23363757,False
813,14,"Jan 24, 2014","I, Frankenstein",65000000,19075290,74575290,55500000,9575290,True
814,15,"May 24, 1991",Hudson Hawk,65000000,17218916,17218916,0,-47781084,False
815,16,"Aug 22, 2014",Sin City: A Dame to Kill For,65000000,13757804,40650842,26893038,-24349158,False
816,17,"Dec 25, 2016",Live by Night,65000000,10378555,21774432,11395877,-43225568,False
817,18,"Oct 27, 2000",Lucky Numbers,65000000,10014234,10014234,0,-54985766,False
818,19,"Sep 23, 2005",Oliver Twist,65000000,2070920,26670920,24600000,-38329080,False
819,20,"Sep 4, 2015",Tian jiang xiong shi,65000000,74070,122519874,122445804,57519874,True
820,21,"Oct 26, 2018",Air Strike,65000000,0,516279,516279,-64483721,False
821,22,"Jul 14, 2006",Little Man,64000000,58636047,101636047,43000000,37636047,True
822,23,"Oct 8, 1999",Random Hearts,64000000,31054924,63200000,32145076,-800000,False
823,24,"Dec 27, 2006",Perfume: The Story of a Murderer,63700000,2223293,133603463,131380170,69903463,True
824,25,"Jun 11, 1993",Jurassic Park,63000000,395708305,1038812584,643104279,975812584,True
825,26,"Jul 25, 2002",Austin Powers in Goldmember,63000000,213117789,296338663,83220874,233338663,True
826,27,"Apr 1, 2011",Hop,63000000,108085305,188657593,80572288,125657593,True
827,28,"Sep 15, 2017",American Assassin,63000000,36249674,68310140,32060466,5310140,True
828,29,"Jun 24, 1994",Wyatt Earp,63000000,25052000,25052000,0,-37948000,False
829,30,"Aug 3, 1994",Clear and Present Danger,62000000,122012656,207500000,85487344,145500000,True
830,31,"Apr 21, 2000",U-571,62000000,77086030,127630030,50544000,65630030,True
831,32,"Nov 17, 1995",The American President,62000000,60022813,107822813,47800000,45822813,True
832,33,"Dec 25, 2015",The Hateful Eight,62000000,54117416,147864886,93747470,85864886,True
833,34,"Jun 20, 2008",The Love Guru,62000000,32235793,40159017,7923224,-21840983,False
834,35,"Feb 23, 2001",3000 Miles to Graceland,62000000,15738632,18708848,2970216,-43291152,False
835,36,"Oct 3, 2014",Gone Girl,61000000,167767189,368567189,200800000,307567189,True
836,37,"Mar 30, 2007",Blades of Glory,61000000,118594548,145594548,27000000,84594548,True
837,38,"Sep 18, 2015",Maze Runner: The Scorch Trials,61000000,81697192,310566162,228868970,249566162,True
838,39,"Aug 2, 2013",2 Guns,61000000,75612460,132493015,56880555,71493015,True
839,40,"Jan 26, 2018",Maze Runner: The Death Cure,61000000,58032443,265878536,207846093,204878536,True
840,41,"Jan 11, 2019",A Dogâs Way Home,61000000,41952715,81149689,39196974,20149689,True
841,42,"Feb 19, 2016",Mei Ren Yu,60720000,3229457,554516671,551287214,493796671,True
842,43,"Dec 22, 2004",Meet the Fockers,60000000,279167575,516567575,237400000,456567575,True
843,44,"Feb 7, 2014",The Lego Movie,60000000,257784718,457729388,199944670,397729388,True
844,45,"Mar 9, 2007",300,60000000,210614939,454161935,243546996,394161935,True
845,46,"Mar 2, 2007",Wild Hogs,60000000,168213584,253555383,85341799,193555383,True
846,47,"Dec 25, 2008",Marley & Me,60000000,143153751,247812011,104658260,187812011,True
847,48,"Dec 10, 1999",The Green Mile,60000000,136801374,290701374,153900000,230701374,True
848,49,"Jun 5, 1998",The Truman Show,60000000,125618201,264118201,138500000,204118201,True
849,50,"Sep 9, 2016",Sully,60000000,125070033,238524556,113454523,178524556,True
850,51,"Jun 14, 2002",The Bourne Identity,60000000,121468960,214357371,92888411,154357371,True
851,52,"Oct 9, 2009",Couples Retreat,60000000,109205660,172450423,63244763,112450423,True
852,53,"Nov 17, 1995",Goldeneye,60000000,106429941,356429941,250000000,296429941,True
853,54,"May 30, 2003",The Italian Job,60000000,106126012,176262839,70136827,116262839,True
854,55,"May 9, 2003",Daddy Day Care,60000000,104148781,164285587,60136806,104285587,True
855,56,"Jun 18, 1999",The General's Daughter,60000000,102705852,149705852,47000000,89705852,True
856,57,"Dec 18, 1998",The Prince of Egypt,60000000,101413188,218613188,117200000,158613188,True
857,58,"Aug 6, 2004",Collateral,60000000,100170152,217670152,117500000,157670152,True
858,59,"Jul 4, 2001",Cats & Dogs,60000000,93375151,200700000,107324849,140700000,True
859,60,"Dec 20, 2002",Two Weeks Notice,60000000,93354918,199043309,105688391,139043309,True
860,61,"Oct 2, 1998",Antz,60000000,90757863,152457863,61700000,92457863,True
861,62,"Apr 19, 2002",The Scorpion King,60000000,90580000,165890634,75310634,105890634,True
862,63,"Oct 15, 2010",Red,60000000,90380162,196439693,106059531,136439693,True
863,64,"Mar 5, 2004",Starsky & Hutch,60000000,88200225,170200225,82000000,110200225,True
864,65,"Jun 27, 1990",Days of Thunder,60000000,82670733,157670733,75000000,97670733,True
865,66,"Dec 21, 2005",Cheaper by the Dozen 2,60000000,82571173,135015330,52444157,75015330,True
866,67,"Aug 13, 2010",Eat Pray Love,60000000,80574010,206598789,126024779,146598789,True
867,68,"Dec 21, 2012",Jack Reacher,60000000,80070736,217370736,137300000,157370736,True
868,69,"Apr 23, 2004",Man on Fire,60000000,77906816,130968579,53061763,70968579,True
869,70,"Dec 22, 2000",The Family Man,60000000,75764085,124715863,48951778,64715863,True
870,71,"Sep 9, 2011",Contagion,60000000,75658097,137551594,61893497,77551594,True
871,72,"Dec 22, 1999",Any Given Sunday,60000000,75530832,100230832,24700000,40230832,True
872,73,"May 15, 1998",The Horse Whisperer,60000000,75383563,186883563,111500000,126883563,True
873,74,"Feb 6, 2009",Coraline,60000000,75286229,126037057,50750828,66037057,True
874,75,"Oct 1, 2004",Ladder 49,60000000,74541707,102332848,27791141,42332848,True
875,76,"Jul 28, 1999",Deep Blue Sea,60000000,73648228,165048228,91400000,105048228,True
876,77,"Oct 28, 2009",Michael Jackson's This Is It,60000000,72091016,252091016,180000000,192091016,True
877,78,"Jan 17, 2003",Kangaroo Jack,60000000,66723216,90723216,24000000,30723216,True
878,79,"Jun 13, 2008",The Happening,60000000,64506874,162778384,98271510,102778384,True
879,80,"Mar 4, 2016",London Has Fallen,60000000,62524260,195194085,132669825,135194085,True
880,81,"Apr 7, 2000",Rules of Engagement,60000000,61322858,71719931,10397073,11719931,True
881,82,"Mar 10, 2006",The Shaggy Dog,60000000,61123569,87123569,26000000,27123569,True
882,83,"Nov 22, 1996",Jingle All the Way,60000000,60592389,129832389,69240000,69832389,True
883,84,"Apr 2, 2004",Hellboy,60000000,59623958,99823958,40200000,39823958,True
884,85,"Oct 21, 2016",Jack Reacher: Never Go Back,60000000,58697076,159946489,101249413,99946489,True
885,86,"May 25, 2017",Baywatch,60000000,58060186,175863783,117803597,115863783,True
886,87,"Dec 25, 1998",A Civil Action,60000000,56709981,56709981,0,-3290019,False
887,88,"Dec 25, 2015",Joy,60000000,56451232,101134059,44682827,41134059,True
888,89,"Aug 17, 2012",ParaNorman,60000000,56003051,108119662,52116611,48119662,True
889,90,"Nov 14, 1997",The Jackal,60000000,54956941,159356941,104400000,99356941,True
890,91,"Dec 25, 2003",Paycheck,60000000,53789313,98819789,45030476,38819789,True
891,92,"Mar 1, 1996",Up Close & Personal,60000000,51045801,100645801,49600000,40645801,True
892,93,"Dec 19, 2008",The Tale of Despereaux,60000000,50877145,90482317,39605172,30482317,True
893,94,"Sep 26, 2014",The Boxtrolls,60000000,50837305,111946251,61108946,51946251,True
894,95,"Aug 4, 2017",The Dark Tower,60000000,50701325,113461527,62760202,53461527,True
895,96,"Sep 27, 2002",The Tuxedo,60000000,50586000,104429625,53843625,44429625,True
896,97,"Jan 17, 2014",Jack Ryan: Shadow Recruit,60000000,50577412,131377412,80800000,71377412,True
897,98,"Jul 14, 1995",Under Siege 2: Dark Territory,60000000,50024083,104324083,54300000,44324083,True
898,99,"Mar 24, 2005",Miss Congeniality 2: Armed and Fabulous,60000000,48478006,101382396,52904390,41382396,True
899,100,"Dec 25, 2018",Vice,60000000,47836282,70883171,23046889,10883171,True
900,1,"Nov 26, 1997",Alien: Resurrection,60000000,47795018,160700000,112904982,100700000,True
901,2,"Mar 23, 2007",Shooter,60000000,47003582,95538560,48534978,35538560,True
902,3,"Oct 16, 1998",Practical Magic,60000000,46850558,68336997,21486439,8336997,True
903,4,"Jan 11, 2013",Gangster Squad,60000000,46000903,104100903,58100000,44100903,True
904,5,"Apr 7, 2017",Smurfs: The Lost Village,60000000,45020282,197578586,152558304,137578586,True
905,6,"Oct 12, 2018",First Man,60000000,44936545,105203825,60267280,45203825,True
906,7,"Jun 19, 2009",Year One,60000000,43337279,57604723,14267444,-2395277,False
907,8,"Jan 29, 2010",Edge of Darkness,60000000,43313890,82812456,39498566,22812456,True
908,9,"Dec 13, 2002",Star Trek: Nemesis,60000000,43254409,67312826,24058417,7312826,True
909,10,"Feb 19, 2002",Reign of Fire,60000000,43061982,82150183,39088201,22150183,True
910,11,"Nov 20, 2009",Planet 51,60000000,42194060,108996113,66802053,48996113,True
911,12,"Mar 20, 2009",Duplicity,60000000,40572825,81079566,40506741,21079566,True
912,13,"Sep 12, 2008",Righteous Kill,60000000,40081410,78481410,38400000,18481410,True
913,14,"Dec 11, 2009",Invictus,60000000,37491364,124514011,87022647,64514011,True
914,15,"Apr 17, 2009",State of Play,60000000,37017955,88832210,51814255,28832210,True
915,16,"Feb 12, 1999",My Favorite Martian,60000000,36850101,36850101,0,-23149899,False
916,17,"Apr 21, 2006",The Sentinel,60000000,36280697,78080697,41800000,18080697,True
917,18,"Sep 21, 2012",Trouble with the Curve,60000000,35763137,47818913,12055776,-12181087,False
918,19,"Oct 10, 2003",Intolerable Cruelty,60000000,35327628,121327628,86000000,61327628,True
919,20,"Jan 10, 1997",The Relic,60000000,33956608,33956608,0,-26043392,False
920,21,"Apr 3, 1998",Mercury Rising,60000000,32983332,32983332,0,-27016668,False
921,22,"Sep 15, 2000",Almost Famous,60000000,32522352,47371191,14848839,-12628809,False
922,23,"Feb 8, 2019",Cold Pursuit,60000000,32138862,62599159,30460297,2599159,True
923,24,"Dec 6, 2002",Analyze That,60000000,32122249,54994757,22872508,-5005243,False
924,25,"Apr 24, 2009",The Soloist,60000000,31853584,38522450,6668866,-21477550,False
925,26,"Aug 21, 2013",The Mortal Instruments: City of Bones,60000000,31165421,75965567,44800146,15965567,True
926,27,"Nov 3, 2000",The Legend of Bagger Vance,60000000,30695227,39235486,8540259,-20764514,False
927,28,"Feb 22, 2002",Dragonfly,60000000,30063805,30063805,0,-29936195,False
928,29,"May 13, 2011",Priest,60000000,29136626,84154026,55017400,24154026,True
929,30,"Jun 16, 2006",Garfield: A Tail of Two Kitties,60000000,28426747,147985373,119558626,87985373,True
930,31,"Apr 29, 2005",XXX: State of the Union,60000000,26873932,71073932,44200000,11073932,True
931,32,"Aug 15, 1997",Event Horizon,60000000,26673242,26673242,0,-33326758,False
932,33,"Jul 2, 2003",Sinbad: Legend of the Seven Seas,60000000,26483452,80767884,54284432,20767884,True
933,34,"Jul 8, 2005",Dark Water,60000000,25473093,49473093,24000000,-10526907,False
934,35,"Aug 14, 1998",The Avengers,60000000,23385416,48585416,25200000,-11414584,False
935,36,"Sep 15, 2006",The Black Dahlia,60000000,22672813,49238525,26565712,-10761475,False
936,37,"Mar 26, 1999",EDtv,60000000,22508689,35319689,12811000,-24680311,False
937,38,"Dec 25, 2008",The Spirit,60000000,19806188,39006188,19200000,-20993812,False
938,39,"Oct 19, 2001",The Last Castle,60000000,18208078,20541668,2333590,-39458332,False
939,40,"Jan 23, 2009",Inkheart,60000000,17303424,66655938,49352514,6655938,True
940,41,"Jan 14, 2000",Supernova,60000000,14218868,14816494,597626,-45183506,False
941,42,"Sep 22, 2006",Flyboys,60000000,13090630,14816379,1725749,-45183621,False
942,43,"Feb 14, 2014",Winterâs Tale,60000000,12600231,29575033,16974802,-30424967,False
943,44,"Oct 9, 1998",Holy Man,60000000,12069719,12069719,0,-47930281,False
944,45,"Jul 11, 2008",Meet Dave,60000000,11803254,50648806,38845552,-9351194,False
945,46,"Aug 12, 2005",The Great Raid,60000000,10166502,10597070,430568,-49402930,False
946,47,"Feb 24, 2017",Rock Dog,60000000,9420546,24148488,14727942,-35851512,False
947,48,"Jan 23, 2015",Mortdecai,60000000,7696134,30396134,22700000,-29603866,False
948,49,"Jan 11, 2008",In the Name of the King: A Dungeon Siege Tale,60000000,4775656,13233220,8457564,-46766780,False
949,50,"Oct 24, 2003",Beyond Borders,60000000,4426297,11427090,7000793,-48572910,False
950,51,"Feb 5, 2016",Xi You Ji zhi Sun Wu Kong San Da Bai Gu Jing,60000000,709982,194058503,193348521,134058503,True
951,52,"Dec 11, 2015",The Ridiculous 6,60000000,0,0,0,-60000000,False
952,53,"Nov 8, 2019",Midway,59500000,0,0,0,-59500000,False
953,54,"Mar 23, 2018",Sherlock Gnomes,59000000,43242871,87527651,44284780,28527651,True
954,55,"Jan 25, 2019",The Kid Who Would Be King,59000000,16790790,28348446,11557656,-30651554,False
955,56,"Feb 12, 2016",Deadpool,58000000,363070709,801025593,437954884,743025593,True
956,57,"Dec 25, 2014",American Sniper,58000000,350126372,547326372,197200000,489326372,True
957,58,"Oct 16, 2015",Goosebumps,58000000,80069458,158905324,78835866,100905324,True
958,59,"May 25, 1988",Rambo III,58000000,53715611,188715611,135000000,130715611,True
959,60,"Dec 15, 1995",Sabrina,58000000,53458319,87100000,33641681,29100000,True
960,61,"Jan 20, 2012",Red Tails,58000000,49876377,50365498,489121,-7634502,False
961,62,"Sep 16, 2005",Just Like Heaven,58000000,48318130,100687083,52368953,42687083,True
962,63,"Jun 7, 2013",The Internship,58000000,44672764,93672764,49000000,35672764,True
963,64,"Apr 28, 2000",The Flintstones in Viva Rock Vegas,58000000,35231365,59431365,24200000,1431365,True
964,65,"Apr 4, 2008",Leatherheads,58000000,31373938,41348628,9974690,-16651372,False
965,66,"Mar 24, 2017",Life,58000000,30234022,100929666,70695644,42929666,True
966,67,"Dec 18, 2009",Did You Hear About the Morgans?,58000000,29580087,80480566,50900479,22480566,True
967,68,"Dec 12, 2008","Che, Part 1: The Argentine",58000000,1802521,31627370,29824849,-26372630,False
968,69,"May 30, 2008",Sex and the City,57500000,152647258,415247258,262600000,357747258,True
969,70,"Sep 10, 2010",Resident Evil: Afterlife,57500000,60128566,295874190,235745624,238374190,True
970,71,"Jun 15, 2012",That's My Boy,57500000,36931089,58085235,21154146,585235,True
971,72,"Oct 17, 1997",Devil's Advocate,57000000,61007424,153007424,92000000,96007424,True
972,73,"Feb 17, 2012",Ghost Rider: Spirit of Vengeance,57000000,51774002,149217355,97443353,92217355,True
973,74,"May 31, 1996",Dragonheart,57000000,51364680,104364680,53000000,47364680,True
974,75,"Nov 12, 2004",After the Sunset,57000000,28328132,38329114,10000982,-18670886,False
975,76,"Aug 17, 2001",Captain Corelli's Mandolin,57000000,25528495,62097495,36569000,5097495,True
976,77,"Dec 25, 2014",Into the Woods,56200000,128002372,213116401,85114029,156916401,True
977,78,"Apr 11, 2003",Anger Management,56000000,135560942,195660942,60100000,139660942,True
978,79,"Mar 4, 2005",The Pacifier,56000000,113006880,198006880,85000000,142006880,True
979,80,"Apr 2, 2004",Walking Tall,56000000,46213824,47313824,1100000,-8686176,False
980,81,"Jan 22, 2016",Zhuo yao ji,56000000,32766,359495591,359462825,303495591,True
981,82,"Jul 6, 1994",Forrest Gump,55000000,330151138,679850637,349699499,624850637,True
982,83,"Dec 14, 2007",Alvin and the Chipmunks,55000000,217326974,362605033,145278059,307605033,True
983,84,"Nov 2, 2018",Bohemian Rhapsody,55000000,216303339,894985342,678682003,839985342,True
984,85,"Feb 11, 2005",Hitch,55000000,177784257,366784257,189000000,311784257,True
985,86,"Oct 6, 2000",Meet the Parents,55000000,166225040,330425040,164200000,275425040,True
986,87,"Dec 15, 2006",The Pursuit of Happyness,55000000,162586036,307311093,144725057,252311093,True
987,88,"Jun 10, 1995",Pocahontas,55000000,141579773,347100000,205520227,292100000,True
988,89,"Dec 15, 1978",Superman,55000000,134218018,300200000,165981982,245200000,True
989,90,"Jun 28, 1996",The Nutty Professor,55000000,128814019,273814019,145000000,218814019,True
990,91,"Feb 10, 2017",Fifty Shades Darker,55000000,114434010,381398492,266964482,326398492,True
991,92,"Oct 11, 2013",Captain Phillips,55000000,107136417,220648184,113511767,165648184,True
992,93,"Jul 16, 1997",George Of The Jungle,55000000,105263257,174463257,69200000,119463257,True
993,94,"Aug 1, 2003",American Wedding,55000000,104354205,126425115,22070910,71425115,True
994,95,"Nov 10, 2017",Murder on the Orient Express,55000000,102826543,345922730,243096187,290922730,True
995,96,"Sep 26, 2014",The Equalizer,55000000,101530738,192903624,91372886,137903624,True
996,97,"Feb 9, 2018",Fifty Shades Freed,55000000,100407760,371350619,270942859,316350619,True
997,98,"May 26, 1995",Casper,55000000,100328194,282300000,181971806,227300000,True
998,99,"Apr 9, 2010",Date Night,55000000,98711404,152269033,53557629,97269033,True
999,100,"Dec 13, 2002",Maid in Manhattan,55000000,93932896,163838217,69905321,108838217,True
1000,1,"May 12, 1995",Crimson Tide,55000000,91387195,159387195,68000000,104387195,True
1001,2,"Sep 23, 2005",Flightplan,55000000,89706988,214392904,124685916,159392904,True
1002,3,"Dec 9, 1994",Disclosure,55000000,83015089,212200000,129184911,157200000,True
1003,4,"Apr 10, 1998",City of Angels,55000000,78750909,198750909,120000000,143750909,True
1004,5,"Jan 16, 2015",Paddington,55000000,76223578,258789097,182565519,203789097,True
1005,6,"Apr 28, 2006",R.V.,55000000,71724497,87473024,15748527,32473024,True
1006,7,"Oct 28, 1994",Stargate,55000000,71565669,196565669,125000000,141565669,True
1007,8,"Oct 10, 2003",Kill Bill: Volume 1,55000000,70098138,176469428,106371290,121469428,True
1008,9,"Jun 17, 2011",Mr. Poppers's Penguins,55000000,68224452,189624452,121400000,134624452,True
1009,10,"Aug 13, 1999",Bowfinger,55000000,66458769,98699769,32241000,43699769,True
1010,11,"Apr 16, 2004",Kill Bill: Volume 2,55000000,66207920,153535982,87328062,98535982,True
1011,12,"Dec 22, 1989",Tango & Cash,55000000,63408614,63408614,0,8408614,True
1012,13,"Jul 31, 1992",Death Becomes Her,55000000,58422650,149022650,90600000,94022650,True
1013,14,"May 26, 2000",Shanghai Noon,55000000,56932305,71189835,14257530,16189835,True
1014,15,"Mar 15, 1996",Executive Decision,55000000,56679192,122079192,65400000,67079192,True
1015,16,"Nov 1, 2013",Free Birds,55000000,55750480,110387072,54636592,55387072,True
1016,17,"May 22, 1992",Alien 3,55000000,54927174,158500000,103572826,103500000,True
1017,18,"Apr 18, 2008",The Forbidden Kingdom,55000000,52075270,129075270,77000000,74075270,True
1018,19,"Dec 22, 2004",The Phantom of the Opera,55000000,51225796,153770052,102544256,98770052,True
1019,20,"Mar 21, 2014",Muppets Most Wanted,55000000,51178893,79312301,28133408,24312301,True
1020,21,"Dec 25, 1996",Evita,55000000,50047179,151947179,101900000,96947179,True
1021,22,"Aug 19, 2016",Kubo and the Two Strings,55000000,48023088,77548122,29525034,22548122,True
1022,23,"Sep 25, 1998",Ronin,55000000,41610884,70692101,29081217,15692101,True
1023,24,"Nov 24, 2010",Burlesque,55000000,39440655,90552675,51112020,35552675,True
1024,25,"Oct 11, 1996",The Ghost and the Darkness,55000000,38564422,38564422,0,-16435578,False
1025,26,"Oct 24, 2008",Changeling,55000000,35739802,113805580,78065778,58805580,True
1026,27,"Jul 27, 2012",The Watch,55000000,34353000,67130045,32777045,12130045,True
1027,28,"Mar 14, 2003",The Hunted,55000000,34234008,47213095,12979087,-7786905,False
1028,29,"Jun 4, 1999",Instinct,55000000,34105207,34105207,0,-20894793,False
1029,30,"Dec 12, 2003",Stuck On You,55000000,33832741,63537164,29704423,8537164,True
1030,31,"Feb 29, 2008",Semi-Pro,55000000,33479698,43980363,10500665,-11019637,False
1031,32,"Feb 23, 2018",Annihilation,55000000,32732301,43070915,10338614,-11929085,False
1032,33,"Oct 16, 2015",Crimson Peak,55000000,31090320,74966854,43876534,19966854,True
1033,34,"Apr 27, 2012",The Pirates! Band of Misfits,55000000,31051126,136143605,105092479,81143605,True
1034,35,"Dec 2, 2005",Aeon Flux,55000000,25857987,53913573,28055586,-1086427,False
1035,36,"Aug 2, 1996",Chain Reaction,55000000,21226204,60209334,38983130,5209334,True
1036,37,"Aug 16, 1996",The Fan,55000000,18582965,18582965,0,-36417035,False
1037,38,"Oct 12, 2007",Elizabeth: The Golden Age,55000000,16285240,74870866,58585626,19870866,True
1038,39,"Jun 12, 2009",Imagine That,55000000,16222392,22438144,6215752,-32561856,False
1039,40,"Feb 21, 2003",Gods and Generals,55000000,12882934,12923936,41002,-42076064,False
1040,41,"Jan 10, 1997",Turbulence,55000000,11532774,11532774,0,-43467226,False
1041,42,"Feb 1, 2013",Bullet to the Head,55000000,9489829,22597969,13108140,-32402031,False
1042,43,"Sep 22, 2006",All the King's Men,55000000,7221458,9521458,2300000,-45478542,False
1043,44,"Jul 30, 2004",Thunderbirds,55000000,6768055,28231444,21463389,-26768556,False
1044,45,"Nov 26, 2004",Un long dimanche de fianÃ§ailles,55000000,6167817,69759296,63591479,14759296,True
1045,46,"May 4, 2007",Lucky You,55000000,5755286,6521829,766543,-48478171,False
1046,47,"Jul 22, 1998",Lolita,55000000,1147784,1147784,0,-53852216,False
1047,48,"Sep 20, 2002",Eye See You,55000000,79161,1807990,1728829,-53192010,False
1048,49,"Jun 19, 1981",Superman II,54000000,108185706,108185706,0,54185706,True
1049,50,"Mar 22, 2002",Blade 2,54000000,81676888,154338601,72661713,100338601,True
1050,51,"Jul 14, 2006","You, Me and Dupree",54000000,75802010,130402010,54600000,76402010,True
1051,52,"Dec 19, 2008",Seven Pounds,54000000,69951824,166617328,96665504,112617328,True
1052,53,"Dec 25, 1990",The Godfather: Part III,54000000,66520529,66520529,0,12520529,True
1053,54,"Oct 14, 2005",Elizabethtown,54000000,26850426,50719373,23868947,-3280627,False
1054,55,"Aug 1, 2003",Gigli,54000000,6087542,7126002,1038460,-46873998,False
1055,56,"Jun 16, 2000",Shaft,53012938,70327868,107190108,36862240,54177170,True
1056,57,"Aug 5, 2005",The Dukes of Hazzard,53000000,80270227,109848461,29578234,56848461,True
1057,58,"Oct 16, 2009",Law Abiding Citizen,53000000,73357727,131159781,57802054,78159781,True
1058,59,"Sep 18, 2015",Black Mass,53000000,62575678,98837872,36262194,45837872,True
1059,60,"Nov 14, 1997",Anastasia,53000000,58403409,139801096,81397687,86801096,True
1060,61,"May 18, 2001",Moulin Rouge,53000000,57386369,179200588,121814219,126200588,True
1061,62,"Nov 2, 2001",Domestic Disturbance,53000000,45207112,54207112,9000000,1207112,True
1062,63,"Oct 20, 2006",Flags of Our Fathers,53000000,33602376,63657941,30055565,10657941,True
1063,64,"Apr 6, 2007",Grindhouse,53000000,25031037,50187789,25156752,-2812211,False
1064,65,"Oct 16, 1998",Beloved,53000000,22852487,22852487,0,-30147513,False
1065,66,"Dec 19, 2012",Zero Dark Thirty,52500000,95720716,134612435,38891719,82112435,True
1066,67,"Dec 25, 2002",Catch Me if You Can,52000000,164606800,355612291,191005491,303612291,True
1067,68,"Jul 18, 2008",Mamma Mia!,52000000,144130063,615748772,471618709,563748772,True
1068,69,"Jun 2, 2006",The Break-Up,52000000,118703275,205727307,87024032,153727307,True
1069,70,"Feb 12, 2010",Valentine's Day,52000000,110485654,217569328,107083674,165569328,True
1070,71,"Nov 22, 1995",Casino,52000000,42438300,110400000,67961700,58400000,True
1071,72,"Aug 5, 2011",The Change-Up,52000000,37243418,75997067,38753649,23997067,True
1072,73,"Dec 23, 1998",The Thin Red Line,52000000,36400491,97709034,61308543,45709034,True
1073,74,"Dec 22, 1999",Man on the Moon,52000000,34580635,47407635,12827000,-4592365,False
1074,75,"Feb 5, 2010",From Paris With Love,52000000,24077427,53139168,29061741,1139168,True
1075,76,"Apr 16, 2003",Bulletproof Monk,52000000,23010607,23010607,0,-28989393,False
1076,77,"Jun 23, 2000","Me, Myself & Irene",51000000,90570999,149270999,58700000,98270999,True
1077,78,"Aug 4, 2006",Barnyard: The Original Party Animals,51000000,72779000,118583844,45804844,67583844,True
1078,79,"Aug 17, 2018",Alpha,51000000,35851379,99624873,63773494,48624873,True
1079,80,"Nov 22, 2006",Deck the Halls,51000000,35093569,46815807,11722238,-4184193,False
1080,81,"Mar 4, 2011",The Adjustment Bureau,50200000,62495645,126931325,64435680,76731325,True
1081,82,"Nov 20, 2009",The Twilight Saga: New Moon,50000000,296623634,687557727,390934093,637557727,True
1082,83,"May 18, 2001",Shrek,50000000,267655011,491812794,224157783,441812794,True
1083,84,"Jun 29, 2012",Ted,50000000,218665740,556016627,337350887,506016627,True
1084,85,"Jun 13, 2014",22 Jump Street,50000000,191719337,331333876,139614539,281333876,True
1085,86,"Jun 14, 1991",Robin Hood: Prince of Thieves,50000000,165493908,390500000,225006092,340500000,True
1086,87,"Dec 13, 1996",Jerry Maguire,50000000,153952592,274000000,120047408,224000000,True
1087,88,"Dec 25, 2015",Daddyâs Home,50000000,150357137,242757137,92400000,192757137,True
1088,89,"Dec 24, 1997",As Good as it Gets,50000000,148478011,314111923,165633912,264111923,True
1089,90,"Dec 25, 1998",Patch Adams,50000000,135014968,202173000,67158032,152173000,True
1090,91,"Jun 17, 2016",Central Intelligence,50000000,127440871,217194805,89753934,167194805,True
1091,92,"Dec 18, 2013",Anchorman 2: The Legend Continues,50000000,127352707,172185754,44833047,122185754,True
1092,93,"Jun 10, 2011",Super 8,50000000,127004179,257972745,130968566,207972745,True
1093,94,"Jun 28, 2002",Mr. Deeds,50000000,126293452,171269535,44976083,121269535,True
1094,95,"Mar 17, 2000",Erin Brockovich,50000000,125548685,257805243,132256558,207805243,True
1095,96,"Nov 21, 2018",Creed II,50000000,115715889,213591522,97875633,163591522,True
1096,97,"Feb 9, 2018",Peter Rabbit,50000000,115234093,347136477,231902384,297136477,True
1097,98,"Feb 7, 2003",How to Lose a Guy in 10 Days,50000000,105807520,178890782,73083262,128890782,True
1098,99,"Nov 11, 1994",Interview with the Vampire: The Vampire Chronicles,50000000,105264608,223564608,118300000,173564608,True
1099,100,"Dec 14, 2018",The Mule,50000000,103804407,170857676,67053269,120857676,True
1100,1,"Dec 19, 2008",Yes Man,50000000,97690976,225990976,128300000,175990976,True
1101,2,"Feb 28, 2014",Non-Stop,50000000,91742160,222383055,130640895,172383055,True
1102,3,"Dec 25, 1998",Stepmom,50000000,91137662,159745279,68607617,109745279,True
1103,4,"Aug 9, 2013",Disney Planes,50000000,90282580,238059569,147776989,188059569,True
1104,5,"Mar 10, 2006",Failure to Launch,50000000,88715192,128402901,39687709,78402901,True
1105,6,"Mar 24, 2006",Inside Man,50000000,88634237,185798265,97164028,135798265,True
1106,7,"Jul 28, 2017",The Emoji Movie,50000000,86089513,216562312,130472799,166562312,True
1107,8,"Jul 29, 2011","Crazy, Stupid, Love",50000000,84351197,147142328,62791131,97142328,True
1108,9,"Dec 22, 2017",The Post,50000000,81903458,179748880,97845422,129748880,True
1109,10,"Feb 5, 1999",Payback,50000000,81526121,161626121,80100000,111626121,True
1110,11,"Jun 9, 1995",Congo,50000000,81022333,152022333,71000000,102022333,True
1111,12,"Mar 20, 2009",Knowing,50000000,79957634,186450317,106492683,136450317,True
1112,13,"Mar 18, 2005",The Ring Two,50000000,75941727,161941727,86000000,111941727,True
1113,14,"Dec 23, 2011",We Bought a Zoo,50000000,75624550,118729073,43104523,68729073,True
1114,15,"Sep 23, 2011",Moneyball,50000000,75605492,111300835,35695343,61300835,True
1115,16,"Jun 11, 2004",Garfield: The Movie,50000000,75367693,208094550,132726857,158094550,True
1116,17,"Nov 24, 2004",Christmas with the Kranks,50000000,73701902,96469187,22767285,46469187,True
1117,18,"Mar 17, 2006",V for Vendetta,50000000,70511035,130214162,59703127,80214162,True
1118,19,"Mar 10, 1995",Outbreak,50000000,67823573,190023573,122200000,140023573,True
1119,20,"Mar 13, 2009",Race to Witch Mountain,50000000,67172595,105103784,37931189,55103784,True
1120,21,"Sep 24, 2004",The Forgotten,50000000,66711892,117211892,50500000,67211892,True
1121,22,"Jun 22, 2005",Herbie: Fully Loaded,50000000,66010682,144110682,78100000,94110682,True
1122,23,"Feb 7, 2003",Shanghai Knights,50000000,60470220,88316835,27846615,38316835,True
1123,24,"Jul 18, 2014",Planes: Fire and Rescue,50000000,59157732,156399644,97241912,106399644,True
1124,25,"Feb 10, 2006",Curious George,50000000,58640119,71052604,12412485,21052604,True
1125,26,"Apr 6, 2012",American Reunion,50000000,56758835,236799211,180040376,186799211,True
1126,27,"Jan 25, 2013",Hansel & Gretel: Witch Hunters,50000000,55703475,214949716,159246241,164949716,True
1127,28,"Feb 18, 2011",I am Number Four,50000000,55100437,146195159,91094722,96195159,True
1128,29,"Sep 28, 2001",Donât Say a Word,50000000,54997476,104488383,49490907,54488383,True
1129,30,"Jan 15, 2016",13 Hours: The Secret Soldiers of Benghazi,50000000,52853219,69411370,16558151,19411370,True
1130,31,"May 8, 2002",Unfaithful,50000000,52752475,119114494,66362019,69114494,True
1131,32,"Sep 29, 2017",American Made,50000000,51342000,135569212,84227212,85569212,True
1132,33,"Nov 23, 2005",Syriana,50000000,50824620,92690959,41866339,42690959,True
1133,34,"Sep 10, 2004",Resident Evil: Apocalypse,50000000,50740078,125168734,74428656,75168734,True
1134,35,"Oct 17, 2014",The Book of Life,50000000,50151543,97651543,47500000,47651543,True
1135,36,"Feb 14, 1997",Absolute Power,50000000,50068310,50068310,0,68310,True
1136,37,"Feb 10, 2006",Firewall,50000000,48751189,82751189,34000000,32751189,True
1137,38,"Sep 12, 1997",The Game,50000000,48265581,80369970,32104389,30369970,True
1138,39,"Aug 22, 1997",G.I. Jane,50000000,48169156,48169156,0,-1830844,False
1139,40,"Aug 8, 2014",Into the Storm,50000000,47602194,150429371,102827177,100429371,True
1140,41,"Oct 10, 2014",The Judge,50000000,47119388,76119388,29000000,26119388,True
1141,42,"Apr 21, 2006",Silent Hill,50000000,46982632,94704227,47721595,44704227,True
1142,43,"Aug 11, 2000",The Replacements,50000000,44737059,50054511,5317452,54511,True
1143,44,"Jul 29, 1998",The Negotiator,50000000,44705766,49105766,4400000,-894234,False
1144,45,"Aug 19, 2016",War Dogs,50000000,43034523,86234503,43199980,36234503,True
1145,46,"May 25, 1994",Beverly Hills Cop III,50000000,42586861,119180938,76594077,69180938,True
1146,47,"Jun 15, 1990",Gremlins 2: The New Batch,50000000,41476097,41476097,0,-8523903,False
1147,48,"Sep 26, 1997",The Peacemaker,50000000,41263140,62967368,21704228,12967368,True
1148,49,"Oct 3, 2003",Out of Time,50000000,41083108,55489826,14406718,5489826,True
1149,50,"Nov 12, 2004",Bridget Jones: The Edge Of Reason,50000000,40203020,263894551,223691531,213894551,True
1150,51,"Feb 11, 2000",The Beach,50000000,39778599,39778599,0,-10221401,False
1151,52,"Jun 10, 2005",The Adventures of Sharkboy and Lavagirl in 3-D,50000000,39177684,69425966,30248282,19425966,True
1152,53,"Feb 18, 1994",On Deadly Ground,50000000,38590458,38590458,0,-11409542,False
1153,54,"Nov 25, 2009",Ninja Assassin,50000000,38122883,62209892,24087009,12209892,True
1154,55,"May 28, 2004",Raising Helen,50000000,37485528,49928680,12443152,-71320,False
1155,56,"May 20, 2016",The Nice Guys,50000000,36261763,59596747,23334984,9596747,True
1156,57,"Sep 17, 1999",For Love of the Game,50000000,35188640,46112640,10924000,-3887360,False
1157,58,"Dec 11, 1998",Jack Frost,50000000,34645374,34645374,0,-15354626,False
1158,59,"Jun 4, 2010",Marmaduke,50000000,33644788,89895930,56251142,39895930,True
1159,60,"Jun 28, 1996",Striptease,50000000,33109743,113309743,80200000,63309743,True
1160,61,"Oct 15, 2010",Hereafter,50000000,32746941,108660270,75913329,58660270,True
1161,62,"Apr 19, 2002",Murder by Numbers,50000000,31874869,56643267,24768398,6643267,True
1162,63,"Oct 6, 1995",Assassins,50000000,30306268,83306268,53000000,33306268,True
1163,64,"Feb 12, 2016",Zoolander 2,50000000,28848693,55348693,26500000,5348693,True
1164,65,"Jan 16, 2009",Defiance,50000000,28644813,52987754,24342941,2987754,True
1165,66,"Feb 9, 2007",Hannibal Rising,50000000,27669725,80583311,52913586,30583311,True
1166,67,"Oct 15, 1999",The Story of Us,50000000,27100030,27100030,0,-22899970,False
1167,68,"Mar 29, 2013",The Host,50000000,26623701,64477051,37853350,14477051,True
1168,69,"Mar 28, 2003",Basic,50000000,26599248,42598498,15999250,-7401502,False
1169,70,"Mar 13, 2015",Run All Night,50000000,26461644,66961644,40500000,16961644,True
1170,71,"Aug 9, 2002",Blood Work,50000000,26199517,26199517,0,-23800483,False
1171,72,"Feb 13, 2009",The International,50000000,25450527,53850527,28400000,3850527,True
1172,73,"Aug 9, 1996",Escape from L.A.,50000000,25426861,25426861,0,-24573139,False
1173,74,"Feb 27, 2004",Twisted,50000000,25195050,40119848,14924798,-9880152,False
1174,75,"Dec 10, 2004",The Life Aquatic with Steve Zissou,50000000,24006726,34806726,10800000,-15193274,False
1175,76,"Aug 4, 1999",The Iron Giant,50000000,23159305,31333917,8174612,-18666083,False
1176,77,"Apr 12, 2019",Hellboy,50000000,21903748,40725492,18821744,-9274508,False
1177,78,"Apr 8, 2011",Your Highness,50000000,21596445,26121638,4525193,-23878362,False
1178,79,"Sep 16, 2016",Snowden,50000000,21587519,35380918,13793399,-14619082,False
1179,80,"Sep 30, 2011",Dream House,50000000,21302340,41642166,20339826,-8357834,False
1180,81,"Jun 24, 2016",Free State of Jones,50000000,20810036,23237252,2427216,-26762748,False
1181,82,"Sep 4, 2009",Gamer,50000000,20534907,42002029,21467122,-7997971,False
1182,83,"Feb 25, 2005",Man of the House,50000000,19699706,22099706,2400000,-27900294,False
1183,84,"Feb 21, 2003",The Life of David Gale,50000000,19694635,28920188,9225553,-21079812,False
1184,85,"Feb 14, 2013",Beautiful Creatures,50000000,19452138,60282876,40830738,10282876,True
1185,86,"Sep 30, 2005",Into the Blue,50000000,18782227,41982227,23200000,-8017773,False
1186,87,"Sep 14, 2007",Eastern Promises,50000000,17181265,56077088,38895823,6077088,True
1187,88,"Jul 1, 1994",Baby's Day Out,50000000,16581575,16581575,0,-33418425,False
1188,89,"Nov 12, 1999",The Messenger: The Story of Joan of Arc,50000000,14271297,14271297,0,-35728703,False
1189,90,"Nov 3, 1995",Fair Game,50000000,11497497,26097497,14600000,-23902503,False
1190,91,"Feb 25, 2011",Drive Angry,50000000,10721033,41042583,30321550,-8957417,False
1191,92,"Nov 7, 1997",Mad City,50000000,10561038,10561038,0,-39438962,False
1192,93,"Oct 13, 1995",The Scarlet Letter,50000000,10359006,10359006,0,-39640994,False
1193,94,"Oct 14, 2005",Domino,50000000,10169202,23574057,13404855,-26425943,False
1194,95,"Oct 13, 1995",Jade,50000000,9812870,9812870,0,-40187130,False
1195,96,"Feb 27, 2009",Street Fighter: The Legend of Chun-Li,50000000,8742261,12660287,3918026,-37339713,False
1196,97,"Mar 29, 2002",Death to Smoochy,50000000,8355815,8374062,18247,-41625938,False
1197,98,"Feb 16, 2018",Early Man,50000000,8267544,45285890,37018346,-4714110,False
1198,99,"Nov 13, 2009",The Boat That Rocked,50000000,8017467,37472651,29455184,-12527349,False
1199,100,"Jan 30, 2004",The Big Bounce,50000000,6471394,6626115,154721,-43373885,False
1200,1,"Mar 3, 2000",What Planet Are You From?,50000000,6291602,6291602,0,-43708398,False
1201,2,"Apr 17, 2015",Child 44,50000000,1224330,8004221,6779891,-41995779,False
1202,3,"Jan 23, 2009",Outlander,50000000,166003,1250617,1084614,-48749383,False
1203,4,"Mar 15, 2013",Upside Down,50000000,102118,26387039,26284921,-23612961,False
1204,5,"Oct 2, 2015",Shanghai,50000000,46425,15505922,15459497,-34494078,False
1205,6,"Dec 31, 2020",Hannibal the Conqueror,50000000,0,0,0,-50000000,False
1206,7,"Nov 8, 2019",Arctic Dogs,50000000,0,0,0,-50000000,False
1207,8,"Nov 22, 2019",The Rhythm Section,50000000,0,0,0,-50000000,False
1208,9,"Sep 20, 2019",Ad Astra,49800000,0,0,0,-49800000,False
1209,10,"Nov 2, 2001",The One,49000000,43905746,72689126,28783380,23689126,True
1210,11,"Mar 6, 2015",Chappie,49000000,31569268,105002056,73432788,56002056,True
1211,12,"Jul 11, 1990",The Adventures of Ford Fairlane,49000000,20423389,20423389,0,-28576611,False
1212,13,"Nov 16, 2012",Anna Karenina,49000000,12816367,71004627,58188260,22004627,True
1213,14,"May 24, 1989",Indiana Jones and the Last Crusade,48000000,197171806,474171806,277000000,426171806,True
1214,15,"Oct 18, 2002",The Ring,48000000,129094024,248218486,119124462,200218486,True
1215,16,"Dec 27, 2000",Traffic,48000000,124107476,208300000,84192524,160300000,True
1216,17,"Mar 29, 2002",Panic Room,48000000,95308367,196308367,101000000,148308367,True
1217,18,"Jan 9, 2015",Taken 3,48000000,89256424,327656424,238400000,279656424,True
1218,19,"Aug 6, 1999",The Thomas Crown Affair,48000000,69304264,124304264,55000000,76304264,True
1219,20,"Nov 16, 2018",Instant Family,48000000,67363237,119736188,52372951,71736188,True
1220,21,"Nov 5, 1999",The Bone Collector,48000000,66488090,151463090,84975000,103463090,True
1221,22,"Oct 1, 1999",Three Kings,48000000,60652036,107752036,47100000,59752036,True
1222,23,"Jan 22, 2010",Tooth Fairy,48000000,60022256,112610386,52588130,64610386,True
1223,24,"Aug 17, 2001",Rat Race,48000000,56607223,86607223,30000000,38607223,True
1224,25,"Sep 7, 2007",3:10 to Yuma,48000000,53606916,71171825,17564909,23171825,True
1225,26,"Aug 13, 2001",K-PAX,48000000,50315140,50315140,0,2315140,True
1226,27,"Dec 25, 2001",Kate and Leopold,48000000,47095453,70937778,23842325,22937778,True
1227,28,"Oct 20, 2000",Bedazzled,48000000,37879996,90376224,52496228,42376224,True
1228,29,"Jun 26, 1998",Out of Sight,48000000,37562568,77562568,40000000,29562568,True
1229,30,"Dec 14, 1984",The Cotton Club,48000000,25928721,25928721,0,-22071279,False
1230,31,"Jan 25, 2008",Rambo,47500000,42754105,112214531,69460426,64714531,True
1231,32,"Jul 13, 2016",The Infiltrator,47500000,15436808,20718104,5281296,-26781896,False
1232,33,"Jun 15, 1990",Dick Tracy,47000000,103738726,162738726,59000000,115738726,True
1233,34,"Nov 11, 2016",Arrival,47000000,100546139,203127894,102581755,156127894,True
1234,35,"Jun 14, 1996",The Cable Guy,47000000,60240295,102825796,42585501,55825796,True
1235,36,"Apr 22, 2009",Earth,47000000,32011576,116773317,84761741,69773317,True
1236,37,"Oct 19, 2001",Riding in Cars with Boys,47000000,29781453,29781453,0,-17218547,False
1237,38,"Jan 5, 2007",Happily N'Ever After,47000000,15849032,37923818,22074786,-9076182,False
1238,39,"Nov 27, 2002",Solaris,47000000,14970038,14970038,0,-32029962,False
1239,40,"Jun 18, 2010",Jonah Hex,47000000,10547117,11022696,475579,-35977304,False
1240,41,"Feb 23, 1996",Mary Reilly,47000000,5707094,12900000,7192906,-34100000,False
1241,42,"Dec 23, 2016",Silence,46500000,7100177,23726626,16626449,-22773374,False
1242,43,"Nov 1, 2013",Mr. Nobody,46500000,3622,22254,18632,-46477746,False
1243,44,"Jun 20, 1997",My Best Friend's Wedding,46000000,126813153,298923419,172110266,252923419,True
1244,45,"Jul 20, 2001",America's Sweethearts,46000000,93607673,160648493,67040820,114648493,True
1245,46,"Nov 22, 1996",Star Trek: First Contact,46000000,92027888,150000000,57972112,104000000,True
1246,47,"May 24, 2002",Insomnia,46000000,67263182,113622499,46359317,67622499,True
1247,48,"Sep 20, 2013",Prisoners,46000000,61002302,113402302,52400000,67402302,True
1248,49,"Jul 12, 1996",Courage Under Fire,46000000,59003384,100833145,41829761,54833145,True
1249,50,"Sep 17, 1982",Inchon,46000000,4408636,4408636,0,-41591364,False
1250,51,"Dec 31, 2010",Arthur and the War of Two Worlds,45500000,347136,36180824,35833688,-9319176,False
1251,52,"Mar 21, 1997",Liar Liar,45000000,181410615,302710615,121300000,257710615,True
1252,53,"Nov 20, 1998",A Bug's Life,45000000,162798565,363095319,200296754,318095319,True
1253,54,"Oct 5, 2012",Taken 2,45000000,139854287,377807404,237953117,332807404,True
1254,55,"May 27, 1994",The Flintstones,45000000,130531208,358500000,227968792,313500000,True
1255,56,"Oct 24, 2003",Scary Movie 3,45000000,110000082,155200000,45199918,110200000,True
1256,57,"Dec 22, 2000",Miss Congeniality,45000000,106807667,213420951,106613284,168420951,True
1257,58,"Dec 22, 2017",Pitch Perfect 3,45000000,104897530,185736412,80838882,140736412,True
1258,59,"Jul 11, 2008",Journey to the Center of the Earth,45000000,101704370,243180937,141476567,198180937,True
1259,60,"Dec 17, 1993",The Pelican Brief,45000000,100768056,187995859,87227803,142995859,True
1260,61,"Aug 11, 2004",The Princess Diaries 2: Royal Engagement,45000000,95149435,122071435,26922000,77071435,True
1261,62,"Dec 25, 2007",The Bucket List,45000000,93466502,174807445,81340943,129807445,True
1262,63,"Jul 20, 1994",The Client,45000000,92115211,117615211,25500000,72615211,True
1263,64,"Nov 23, 2011",The Muppets,45000000,88625922,160971922,72346000,115971922,True
1264,65,"Jun 5, 1992",Patriot Games,45000000,83287363,178100000,94812637,133100000,True
1265,66,"May 13, 2005",Monster-in-Law,45000000,82931301,155931301,73000000,110931301,True
1266,67,"Oct 5, 2001",Training Day,45000000,76261036,104505362,28244326,59505362,True
1267,68,"Oct 7, 2016",The Girl on the Train,45000000,75395035,174278214,98883179,129278214,True
1268,69,"Dec 24, 1999",Galaxy Quest,45000000,71423726,90523726,19100000,45523726,True
1269,70,"Jul 4, 2001",Scary Movie 2,45000000,71277420,141189101,69911681,96189101,True
1270,71,"Aug 21, 1998",Blade,45000000,70141876,131237688,61095812,86237688,True
1271,72,"Jan 14, 2005",Coach Carter,45000000,67264877,76665507,9400630,31665507,True
1272,73,"Mar 19, 2010",The Bounty Hunter,45000000,67061228,135808837,68747609,90808837,True
1273,74,"Apr 12, 2002",Changing Lanes,45000000,66790248,66790248,0,21790248,True
1274,75,"Apr 11, 1997",Anaconda,45000000,65598907,136998907,71400000,91998907,True
1275,76,"Jan 20, 2006",Underworld: Evolution,45000000,62318875,113417762,51098887,68417762,True
1276,77,"Aug 4, 2000",Coyote Ugly,45000000,60786269,113916474,53130205,68916474,True
1277,78,"Nov 7, 2003",Love Actually,45000000,59472278,248505300,189033022,203505300,True
1278,79,"Aug 9, 1996",Jack,45000000,58617334,58617334,0,13617334,True
1279,80,"Oct 7, 1994",The Specialist,45000000,57362581,57362581,0,12362581,True
1280,81,"Dec 9, 2016",Office Christmas Party,45000000,54767494,91323299,36555805,46323299,True
1281,82,"Aug 16, 1996",Tin Cup,45000000,53854588,75854588,22000000,30854588,True
1282,83,"Nov 23, 2005","Yours, Mine and Ours",45000000,53359917,72359917,19000000,27359917,True
1283,84,"May 13, 2005",Kicking and Screaming,45000000,52842724,55842724,3000000,10842724,True
1284,85,"Apr 29, 2005",The Hitchhiker's Guide to the Galaxy,45000000,51019112,102746214,51727102,57746214,True
1285,86,"Sep 21, 2007",Resident Evil: Extinction,45000000,50648679,149871103,99222424,104871103,True
1286,87,"Dec 25, 2004",Fat Albert,45000000,48114556,48563556,449000,3563556,True
1287,88,"Jul 6, 2012",Savages,45000000,47323100,82513490,35190390,37513490,True
1288,89,"Sep 30, 1994",The River Wild,45000000,46815000,94215000,47400000,49215000,True
1289,90,"May 23, 2014",Blended,45000000,46290741,127990741,81700000,82990741,True
1290,91,"Jun 16, 2017",All Eyez on Me,45000000,44922302,54876855,9954553,9876855,True
1291,92,"Jan 13, 2006",Last Holiday,45000000,38399961,43343247,4943286,-1656753,False
1292,93,"Mar 3, 2006",16 Blocks,45000000,36895141,65595141,28700000,20595141,True
1293,94,"Jul 14, 1995",The Indian in the Cupboard,45000000,35627222,35627222,0,-9372778,False
1294,95,"Sep 10, 2004",Cellular,45000000,32003620,61475984,29472364,16475984,True
1295,96,"Jul 28, 2006",The Ant Bully,45000000,28142535,49610898,21468363,4610898,True
1296,97,"Jul 18, 2003",Johnny English,45000000,28013509,163126676,135113167,118126676,True
1297,98,"Dec 14, 1984",Dune,45000000,27447471,27447471,0,-17552529,False
1298,99,"Jul 31, 2009",Aliens in the Attic,45000000,25200412,59551283,34350871,14551283,True
1299,100,"Sep 14, 2007",Across the Universe,45000000,24343673,29367143,5023470,-15632857,False
1300,1,"Dec 26, 2008",Revolutionary Road,45000000,22951340,79604820,56653480,34604820,True
1301,2,"Aug 29, 2008",Babylon A.D.,45000000,22532572,70216497,47683925,25216497,True
1302,3,"Nov 4, 1994",Frankenstein,45000000,22006296,112006296,90000000,67006296,True
1303,4,"Oct 4, 1996",The Glimmer Man,45000000,20404841,36404841,16000000,-8595159,False
1304,5,"Jul 17, 1996",Multiplicity,45000000,20133326,20133326,0,-24866674,False
1305,6,"May 3, 2019",UglyDolls,45000000,19894664,24644664,4750000,-20355336,False
1306,7,"Jan 19, 2001",The Pledge,45000000,19719930,29406132,9686202,-15593868,False
1307,8,"Dec 16, 2005",The Producers: The Movie Musical,45000000,19398532,32952995,13554463,-12047005,False
1308,9,"Jun 7, 1996",The Phantom,45000000,17220599,17220599,0,-27779401,False
1309,10,"Jul 1, 2005",Rebound,45000000,16809014,17492014,683000,-27507986,False
1310,11,"Feb 19, 2010",The Ghost Writer,45000000,15541549,65532491,49990942,20532491,True
1311,12,"Dec 22, 2000",All the Pretty Horses,45000000,15527125,18120267,2593142,-26879733,False
1312,13,"Sep 5, 2008",Bangkok Dangerous,45000000,15298133,46598133,31300000,1598133,True
1313,14,"Dec 20, 1995",Nixon,45000000,13668249,34668249,21000000,-10331751,False
1314,15,"Sep 21, 2012",Dredd,45000000,13414714,41467606,28052892,-3532394,False
1315,16,"Oct 28, 2011",The Rum Diary,45000000,13109815,21544732,8434917,-23455268,False
1316,17,"Jan 30, 1998",Deep Rising,45000000,11203026,11203026,0,-33796974,False
1317,18,"Dec 21, 2018",Welcome to Marwen,45000000,10763520,12874922,2111402,-32125078,False
1318,19,"Oct 21, 2011",Johnny English Reborn,45000000,8406711,164640401,156233690,119640401,True
1319,20,"Sep 26, 2008",Miracle at St. Anna,45000000,7916887,9676497,1759610,-35323503,False
1320,21,"Apr 5, 2002",Big Trouble,45000000,7262288,8488871,1226583,-36511129,False
1321,22,"Dec 21, 2006",Man cheng jin dai huang jin jia,45000000,6566773,76904429,70337656,31904429,True
1322,23,"Nov 16, 2007",Love in the Time of Cholera,45000000,4617608,31077418,26459810,-13922582,False
1323,24,"Dec 25, 2002",Pinocchio,45000000,3681811,31681811,28000000,-13318189,False
1324,25,"Jan 31, 1997",Shadow Conspiracy,45000000,2154540,2154540,0,-42845460,False
1325,26,"Dec 31, 2012",Foodfight!,45000000,0,73706,73706,-44926294,False
1326,27,"Oct 12, 2012",Argo,44500000,136025503,227140757,91115254,182640757,True
1327,28,"Aug 6, 1993",The Fugitive,44000000,183875760,353715317,169839557,309715317,True
1328,29,"May 22, 1985",Rambo: First Blood Part II,44000000,150415432,300400000,149984568,256400000,True
1329,30,"Oct 18, 1996",Sleepers,44000000,53300852,165600852,112300000,121600852,True
1330,31,"Jul 30, 2010",Charlie St. Cloud,44000000,31206263,48478084,17271821,4478084,True
1331,32,"Feb 2, 1996",The Juror,44000000,22730924,22730924,0,-21269076,False
1332,33,"Feb 6, 2014",The Interview,44000000,6105175,12342632,6237457,-31657368,False
1333,34,"Nov 19, 1980",Heaven's Gate,44000000,3484331,3484523,192,-40515477,False
1334,35,"Jun 28, 2013",The Heat,43000000,159581587,229727774,70146187,186727774,True
1335,36,"Dec 19, 2000",Finding Forrester,43000000,51768623,80013623,28245000,37013623,True
1336,37,"Apr 14, 2000",28 Days,43000000,37035515,62063972,25028457,19063972,True
1337,38,"May 13, 2005",Danny the Dog,43000000,24537621,49037621,24500000,6037621,True
1338,39,"Apr 12, 2002",The Sweetest Thing,43000000,24430272,63078756,38648484,20078756,True
1339,40,"Nov 9, 2018",The Girl in the Spiderâs Web,43000000,14828555,34983342,20154787,-8016658,False
1340,41,"Jan 6, 2017",A Monster Calls,43000000,3740823,46414530,42673707,3414530,True
1341,42,"Jan 28, 2011",The Mechanic,42500000,29121498,76347393,47225895,33847393,True
1342,43,"Jun 30, 1993",The Firm,42000000,158340892,270340892,112000000,228340892,True
1343,44,"Mar 16, 2012",21 Jump Street,42000000,138447667,202812429,64364762,160812429,True
1344,45,"May 28, 1999",Notting Hill,42000000,116089678,363728085,247638407,321728085,True
1345,46,"Jun 21, 2000",Chicken Run,42000000,106793915,227793915,121000000,185793915,True
1346,47,"Jan 16, 2004",Along Came Polly,42000000,88073507,173044410,84970903,131044410,True
1347,48,"Jul 1, 1992",Boomerang,42000000,70052444,131052444,61000000,89052444,True
1348,49,"Jul 10, 2009",BrÃ¼no,42000000,60054530,138708527,78653997,96708527,True
1349,50,"Jun 12, 1963",Cleopatra,42000000,57000000,71000000,14000000,29000000,True
1350,51,"May 12, 2017",Snatched,42000000,45852178,57852177,11999999,15852177,True
1351,52,"Oct 12, 2012",Here Comes the Boom,42000000,45290318,73239258,27948940,31239258,True
1352,53,"Apr 5, 2002",High Crimes,42000000,41543207,63781100,22237893,21781100,True
1353,54,"Nov 15, 1996",The Mirror Has Two Faces,42000000,41267469,41267469,0,-732531,False
1354,55,"Mar 11, 2011",Red Riding Hood,42000000,37662162,91678442,54016280,49678442,True
1355,56,"Jan 25, 2002",The Mothman Prophecies,42000000,35228696,56438555,21209859,14438555,True
1356,57,"Jul 14, 1989",Licence to Kill,42000000,34667015,156167015,121500000,114167015,True
1357,58,"Dec 25, 2018",Holmes & Watson,42000000,30568743,41926605,11357862,-73395,False
1358,59,"Jan 27, 2012",One for the Money,42000000,26414527,36197221,9782694,-5802779,False
1359,60,"Mar 9, 2001",15 Minutes,42000000,24375436,56331864,31956428,14331864,True
1360,61,"Sep 16, 2005",Lord of War,42000000,24149632,60437727,36288095,18437727,True
1361,62,"May 28, 1993",Super Mario Bros.,42000000,20844907,20844907,0,-21155093,False
1362,63,"Oct 2, 1992",Hero,42000000,19487173,66787173,47300000,24787173,True
1363,64,"Jan 27, 2012",Man on a Ledge,42000000,18620000,49621440,31001440,7621440,True
1364,65,"Dec 3, 2010",The Warrior's Way,42000000,5666340,8514325,2847985,-33485675,False
1365,66,"Apr 18, 1997",McHale's Navy,42000000,4408420,4408420,0,-37591580,False
1366,67,"May 28, 2010",Micmacs,42000000,1259693,11756922,10497229,-30243078,False
1367,68,"Dec 31, 2006",Les BronzÃ©s 3: amis pour la vie,42000000,0,83833602,83833602,41833602,True
1368,69,"Dec 31, 2015",Pourquoi j'ai pas mangÃ© mon pÃ¨re,42000000,0,15451663,15451663,-26548337,False
1369,70,"Nov 8, 2002",8 Mile,41000000,116724075,245768384,129044309,204768384,True
1370,71,"May 31, 2019",Rocketman,41000000,57342725,108642725,51300000,67642725,True
1371,72,"May 11, 2001",A Knightâs Tale,41000000,56083966,100622586,44538620,59622586,True
1372,73,"Aug 22, 2003",The Medallion,41000000,22108977,22108977,0,-18891023,False
1373,74,"Oct 14, 2011",The Big Year,41000000,7204138,7684524,480386,-33315476,False
1374,75,"Aug 6, 1999",The Sixth Sense,40000000,293506292,672806292,379300000,632806292,True
1375,76,"Jul 15, 2005",Wedding Crashers,40000000,209218368,283218368,74000000,243218368,True
1376,77,"Jun 11, 2010",The Karate Kid,40000000,176591618,351774938,175183320,311774938,True
1377,78,"Feb 13, 2015",Fifty Shades of Grey,40000000,166167230,570998101,404830871,530998101,True
1378,79,"Jun 19, 2009",The Proposal,40000000,163958031,314709717,150751686,274709717,True
1379,80,"Dec 13, 2013",American Hustle,40000000,150117807,257878294,107760487,217878294,True
1380,81,"May 17, 2019",John Wick: Chapter 3 â Parabellum,40000000,141744320,256498033,114753713,216498033,True
1381,82,"Dec 25, 2003",Cheaper by the Dozen,40000000,138614544,190212113,51597569,150212113,True
1382,83,"Jul 25, 2014",Lucy,40000000,126573960,457507776,330933816,417507776,True
1383,84,"Dec 25, 2013",Lone Survivor,40000000,125095601,149804632,24709031,109804632,True
1384,85,"Nov 22, 1989",Back to the Future Part II,40000000,118450002,332000000,213549998,292000000,True
1385,86,"Sep 24, 1999",Double Jeopardy,40000000,116735231,177835231,61100000,137835231,True
1386,87,"Jul 25, 2003",Spy Kids 3-D: Game Over,40000000,111760631,167851995,56091364,127851995,True
1387,88,"Jul 24, 1996",A Time to Kill,40000000,108766007,152266007,43500000,112266007,True
1388,89,"Jul 1, 1992",A League of Their Own,40000000,107533925,132440066,24906141,92440066,True
1389,90,"Jun 10, 2016",The Conjuring 2: The Enfield Poltergeist,40000000,102470008,311262102,208792094,271262102,True
1390,91,"Oct 1, 2010",The Social Network,40000000,96962694,224922135,127959441,184922135,True
1391,92,"Aug 7, 2009",Julie & Julia,40000000,94125426,126646119,32520693,86646119,True
1392,93,"Feb 6, 2009",He's Just Not That Into You,40000000,93953653,181053657,87100004,141053657,True
1393,94,"Feb 10, 2017",John Wick: Chapter Two,40000000,92029184,171350009,79320825,131350009,True
1394,95,"Jan 15, 2016",Ride Along 2,40000000,90862685,124827316,33964631,84827316,True
1395,96,"Apr 14, 2006",Scary Movie 4,40000000,90710620,178710620,88000000,138710620,True
1396,97,"Mar 27, 2015",Get Hard,40000000,90411453,106511453,16100000,66511453,True
1397,98,"Feb 4, 2000",Scream 3,40000000,89138076,161838076,72700000,121838076,True
1398,99,"May 24, 1990",Back to the Future Part III,40000000,88055283,244088654,156033371,204088654,True
1399,100,"Oct 14, 2016",The Accountant,40000000,86260045,152962083,66702038,112962083,True
1400,1,"Nov 14, 2014",Dumb and Dumber To,40000000,86208010,156553592,70345582,116553592,True
1401,2,"Apr 25, 2014",The Other Woman,40000000,83911193,195111193,111200000,155111193,True
1402,3,"Nov 13, 1992",Bram Stoker's Dracula,40000000,82522790,215862692,133339902,175862692,True
1403,4,"Feb 17, 2006",Eight Below,40000000,81612565,120455994,38843429,80455994,True
1404,5,"Dec 24, 1999",The Talented Mr. Ripley,40000000,81292135,128792135,47500000,88792135,True
1405,6,"Sep 25, 2015",The Intern,40000000,75764672,197115710,121351038,157115710,True
1406,7,"Sep 25, 1992",The Last of the Mohicans,40000000,75505856,75505856,0,35505856,True
1407,8,"Oct 29, 2004",Ray,40000000,75305995,124823094,49517099,84823094,True
1408,9,"Apr 1, 2005",Sin City,40000000,74103820,158527918,84424098,118527918,True
1409,10,"Oct 16, 2015",Bridge of Spies,40000000,72313754,162498338,90184584,122498338,True
1410,11,"Feb 22, 2008",Vantage Point,40000000,72266306,150886329,78620023,110886329,True
1411,12,"Mar 20, 2009","I Love You, Man",40000000,72013010,92302502,20289492,52302502,True
1412,13,"Nov 9, 2001",Shallow Hal,40000000,70836296,70836296,0,30836296,True
1413,14,"Dec 20, 1991",JFK,40000000,70405498,205400000,134994502,165400000,True
1414,15,"Jan 27, 2006",Big Momma's House 2,40000000,70165972,137047376,66881404,97047376,True
1415,16,"Sep 21, 2018",The House with a Clock in its Walls,40000000,68549695,126331750,57782055,86331750,True
1416,17,"Nov 4, 2016",Hacksaw Ridge,40000000,67209615,168904682,101695067,128904682,True
1417,18,"Mar 2, 2001",The Mexican,40000000,66808615,145238250,78429635,105238250,True
1418,19,"Aug 28, 2009",The Final Destination,40000000,66477700,187384627,120906927,147384627,True
1419,20,"Apr 17, 2009",17 Again,40000000,64167069,139474906,75307837,99474906,True
1420,21,"Feb 18, 2011",Unknown,40000000,63686397,136123083,72436686,96123083,True
1421,22,"Jun 4, 2010",Get Him to the Greek,40000000,61153526,91455875,30302349,51455875,True
1422,23,"Nov 21, 2003",Gothika,40000000,59588068,141484812,81896744,101484812,True
1423,24,"Nov 30, 2001",Behind Enemy Lines,40000000,58855732,58855732,0,18855732,True
1424,25,"Mar 18, 2011",The Lincoln Lawyer,40000000,58009200,87145086,29135886,47145086,True
1425,26,"Oct 15, 2004",Shall We Dance?,40000000,57887882,118097882,60210000,78097882,True
1426,27,"Aug 25, 2006",Invincible,40000000,57806952,58501127,694175,18501127,True
1427,28,"Feb 15, 2013",Escape From Planet Earth,40000000,57012977,74156610,17143633,34156610,True
1428,29,"Jul 10, 1998",Small Soldiers,40000000,55143823,71743823,16600000,31743823,True
1429,30,"Jul 31, 1997",Spawn,40000000,54979992,87949859,32969867,47949859,True
1430,31,"Nov 26, 2014",Horrible Bosses 2,40000000,54445357,105945357,51500000,65945357,True
1431,32,"Jan 25, 2002",The Count of Monte Cristo,40000000,54228104,75389090,21160986,35389090,True
1432,33,"Oct 20, 2006",The Prestige,40000000,53089891,104407366,51317475,64407366,True
1433,34,"Jun 16, 2006",The Lake House,40000000,52330111,114830111,62500000,74830111,True
1434,35,"Jul 9, 2010",Predators,40000000,52000688,127234389,75233701,87234389,True
1435,36,"Aug 15, 2012",The Odd Life of Timothy Green,40000000,51853450,55249159,3395709,15249159,True
1436,37,"Jul 31, 1987",The Living Daylights,40000000,51185000,191200000,140015000,151200000,True
1437,38,"Dec 8, 2006",Apocalypto,40000000,50866635,121032272,70165637,81032272,True
1438,39,"Feb 14, 2007",Music and Lyrics,40000000,50572589,146196885,95624296,106196885,True
1439,40,"Jun 18, 1986",Legal Eagles,40000000,49851591,49851591,0,9851591,True
1440,41,"Mar 12, 2004",Secret Window,40000000,47958031,92111551,44153520,52111551,True
1441,42,"Aug 12, 2005",The Skeleton Key,40000000,47907715,92256918,44349203,52256918,True
1442,43,"Jun 20, 2014",Jersey Boys,40000000,47047013,65282732,18235719,25282732,True
1443,44,"May 2, 2008",Made of Honor,40000000,46012734,106548738,60536004,66548738,True
1444,45,"Nov 21, 1997",The Rainmaker,40000000,45916769,45916769,0,5916769,True
1445,46,"Feb 7, 1992",Medicine Man,40000000,44948240,44948240,0,4948240,True
1446,47,"Dec 12, 1997",Amistad,40000000,44212592,58250151,14037559,18250151,True
1447,48,"May 30, 2014",A Million Ways to Die in The West,40000000,42720965,86778557,44057592,46778557,True
1448,49,"Aug 12, 2011",Final Destination 5,40000000,42587643,155011165,112423522,115011165,True
1449,50,"Nov 16, 2018",Widows,40000000,42402632,73866088,31463456,33866088,True
1450,51,"Apr 8, 2005",Fever Pitch,40000000,42071069,50071069,8000000,10071069,True
1451,52,"Dec 25, 2007",Aliens vs. Predator - Requiem,40000000,41797066,128884494,87087428,88884494,True
1452,53,"Dec 25, 2007",The Water Horse: Legend of the Deep,40000000,40412817,103429755,63016938,63429755,True
1453,54,"Jul 18, 2014",Sex Tape,40000000,38543473,126069509,87526036,86069509,True
1454,55,"Apr 15, 2011",Scream 4,40000000,38180928,95989590,57808662,55989590,True
1455,56,"Dec 21, 1994",Ri¢hie Ri¢h,40000000,38087756,38087756,0,-1912244,False
1456,57,"Aug 11, 2000",Autumn in New York,40000000,37752931,90717684,52964753,50717684,True
1457,58,"Mar 18, 2011",Paul,40000000,37412945,101162106,63749161,61162106,True
1458,59,"Dec 19, 2012",The Guilt Trip,40000000,37134215,41294674,4160459,1294674,True
1459,60,"Aug 26, 2011",Colombiana,40000000,36665854,72295262,35629408,32295262,True
1460,61,"Feb 26, 1999",8MM,40000000,36443442,96398826,59955384,56398826,True
1461,62,"Jan 12, 2018",The Commuter,40000000,36343858,101985431,65641573,61985431,True
1462,63,"Feb 18, 2000",Hanging Up,40000000,36037909,51867723,15829814,11867723,True
1463,64,"Mar 1, 1991",The Doors,40000000,34416893,34416893,0,-5583107,False
1464,65,"Aug 20, 1999",Mickey Blue Eyes,40000000,33864342,53864342,20000000,13864342,True
1465,66,"Oct 20, 2000",Pay it Forward,40000000,33508922,55696705,22187783,15696705,True
1466,67,"Apr 8, 2011",Arthur,40000000,33035397,47787943,14752546,7787943,True
1467,68,"Mar 21, 2008",Drillbit Taylor,40000000,32862104,49686263,16824159,9686263,True
1468,69,"Dec 21, 2016",Patriots Day,40000000,31886361,52837989,20951628,12837989,True
1469,70,"Dec 25, 2011",Extremely Loud and Incredibly Close,40000000,31847881,55247881,23400000,15247881,True
1470,71,"Jul 1, 1994",The Shadow,40000000,31835600,31835600,0,-8164400,False
1471,72,"Nov 26, 2008",Transporter 3,40000000,31715062,107235592,75520530,67235592,True
1472,73,"Nov 10, 2010",Morning Glory,40000000,31011732,59795070,28783338,19795070,True
1473,74,"Nov 9, 2005",Get Rich or Die Tryin',40000000,30981850,46666955,15685105,6666955,True
1474,75,"May 3, 2019",Long Shot,40000000,30202860,43711031,13508171,3711031,True
1475,76,"Aug 25, 2000",The Art of War,40000000,30199105,30199105,0,-9800895,False
1476,77,"Dec 25, 2013",Grudge Match,40000000,29807260,69807260,40000000,29807260,True
1477,78,"Aug 11, 2000",Bless the Child,40000000,29374178,40435694,11061516,435694,True
1478,79,"Nov 23, 2005",Rent,40000000,29077547,31670620,2593073,-8329380,False
1479,80,"Apr 2, 1999",The Out-of-Towners,40000000,28544120,28544120,0,-11455880,False
1480,81,"Aug 11, 2017",The Nut Job 2: Nutty by Nature,40000000,28370522,57438389,29067867,17438389,True
1481,82,"Aug 23, 1996",The Island of Dr. Moreau,40000000,27682712,27682712,0,-12317288,False
1482,83,"Sep 7, 2001",The Musketeer,40000000,27053815,27053815,0,-12946185,False
1483,84,"Jan 27, 2017",Resident Evil: The Final Chapter,40000000,26844692,314101190,287256498,274101190,True
1484,85,"Feb 29, 2008",The Other Boleyn Girl,40000000,26814957,78269970,51455013,38269970,True
1485,86,"Jun 30, 2017",The House,40000000,25584504,31192425,5607921,-8807575,False
1486,87,"Feb 16, 2001",Sweet November,40000000,25288103,65754228,40466125,25754228,True
1487,88,"Apr 5, 2007",The Reaping,40000000,25126214,62226214,37100000,22226214,True
1488,89,"Jan 7, 2011",Season of the Witch,40000000,24827228,91126600,66299372,51126600,True
1489,90,"Jun 3, 1994",Renaissance Man,40000000,24172899,24172899,0,-15827101,False
1490,91,"May 15, 1998",Quest for Camelot,40000000,22772500,38172500,15400000,-1827500,False
1491,92,"Sep 6, 2002",City by the Sea,40000000,22433915,22433915,0,-17566085,False
1492,93,"Jan 15, 1999",At First Sight,40000000,22365133,22365133,0,-17634867,False
1493,94,"Aug 26, 2016",Mechanic: Resurrection,40000000,21218403,109738840,88520437,69738840,True
1494,95,"Jan 16, 2004",Torque,40000000,21176322,46176322,25000000,6176322,True
1495,96,"Nov 13, 2009",Fantastic Mr. Fox,40000000,21002919,47083412,26080493,7083412,True
1496,97,"Sep 22, 1995",Showgirls,40000000,20350754,37750754,17400000,-2249246,False
1497,98,"Feb 16, 1996",City Hall,40000000,20278055,20278055,0,-19721945,False
1498,99,"Feb 3, 2012",Big Miracle,40000000,20157300,25268680,5111380,-14731320,False
1499,100,"Dec 21, 2012",The Impossible,40000000,19019882,169590606,150570724,129590606,True
1500,1,"Mar 9, 2012",A Thousand Words,40000000,18450127,20790486,2340359,-19209514,False
1501,2,"Oct 20, 2006",Marie Antoinette,40000000,15962471,60862471,44900000,20862471,True
1502,3,"Oct 6, 2000",Get Carter,40000000,14967182,19417182,4450000,-20582818,False
1503,4,"Apr 21, 1995",Kiss of Death,40000000,14942422,14942422,0,-25057578,False
1504,5,"Apr 26, 2002","Life, or Something Like It",40000000,14448589,14448589,0,-25551411,False
1505,6,"May 15, 1987",Ishtar,40000000,14375181,14375181,0,-25624819,False
1506,7,"Feb 28, 1992",Memoirs of an Invisible Man,40000000,14358033,14358033,0,-25641967,False
1507,8,"Oct 23, 2009",Amelia,40000000,14279575,19756077,5476502,-20243923,False
1508,9,"Oct 23, 2009",Cirque du Freak: The Vampire's Assistant,40000000,14046595,39753957,25707362,-246043,False
1509,10,"May 7, 2004",New York Minute,40000000,14018364,21215882,7197518,-18784118,False
1510,11,"Mar 12, 1999",The Deep End of the Ocean,40000000,13508635,13508635,0,-26491365,False
1511,12,"Nov 5, 2004",Alfie,40000000,13395939,35195939,21800000,-4804061,False
1512,13,"Aug 30, 2002",FearDotCom,40000000,13208023,13208023,0,-26791977,False
1513,14,"Nov 7, 2008",Soul Men,40000000,12082391,12345883,263492,-27654117,False
1514,15,"Mar 20, 2015",The Gunman,40000000,10664749,18594227,7929478,-21405773,False
1515,16,"Aug 20, 1999",Universal Soldier II: The Return,40000000,10447421,10717421,270000,-29282579,False
1516,17,"Sep 25, 2009",Pandorum,40000000,10330853,17033431,6702578,-22966569,False
1517,18,"Sep 26, 2003",Duplex,40000000,9652000,10070651,418651,-29929349,False
1518,19,"Aug 16, 2013",Paranoia,40000000,7388654,16340767,8952113,-23659233,False
1519,20,"Aug 1, 1980",Raise the Titanic,40000000,7000000,7000000,0,-33000000,False
1520,21,"Jul 10, 2015",Baahubali: The Beginning,40000000,6738000,26736665,19998665,-13263335,False
1521,22,"Mar 9, 2018",The Hurricane Heist,40000000,6115824,30963684,24847860,-9036316,False
1522,23,"Jan 4, 2002",Impostor,40000000,6114237,7974607,1860370,-32025393,False
1523,24,"Nov 25, 2015",Victor Frankenstein,40000000,5775076,31124367,25349291,-8875633,False
1524,25,"Nov 27, 2002",Extreme Ops,40000000,4835968,12624471,7788503,-27375529,False
1525,26,"Apr 6, 2001",Just Visiting,40000000,4777007,16172200,11395193,-23827800,False
1526,27,"Jun 27, 2014",Snowpiercer,40000000,4563029,88069880,83506851,48069880,True
1527,28,"Jul 20, 2007",Sunshine,40000000,3688560,32030610,28342050,-7969390,False
1528,29,"Mar 11, 1994",The Hudsucker Proxy,40000000,2816518,14938149,12121631,-25061851,False
1529,30,"Nov 11, 2016",Billy Lynnâs Long Halftime Walk,40000000,1738477,30230402,28491925,-9769598,False
1530,31,"Jul 1, 1986",Pirates,40000000,1641825,6341825,4700000,-33658175,False
1531,32,"Dec 12, 2008",Delgo,40000000,915840,915840,0,-39084160,False
1532,33,"Sep 7, 2007",The Hunting Party,40000000,876671,7729552,6852881,-32270448,False
1533,34,"Oct 13, 2006",Alex Rider: Operation Stormbreaker,40000000,659210,20722450,20063240,-19277550,False
1534,35,"Nov 20, 2009",Red Cliff,40000000,627047,119627047,119000000,79627047,True
1535,36,"Sep 24, 2004",The Last Shot,40000000,463730,463730,0,-39536270,False
1536,37,"Mar 16, 2007",Nomad,40000000,79123,79123,0,-39920877,False
1537,38,"Apr 16, 2013",Un monstre Ã Paris,40000000,0,27000381,27000381,-12999619,False
1538,39,"Jun 21, 2019",Kursk,40000000,0,4212799,4212799,-35787201,False
1539,40,"Nov 11, 2016",USS Indianapolis: Men of Courage,40000000,0,1663785,1663785,-38336215,False
1540,41,"Dec 31, 2014",Dragon Nest Warriors' Dawn,40000000,0,734423,734423,-39265577,False
1541,42,"Dec 31, 2018",The Crow,40000000,0,0,0,-40000000,False
1542,43,"Sep 13, 2019",The Goldfinch,40000000,0,0,0,-40000000,False
1543,44,"Dec 31, 2019",Down Under Cover,40000000,0,0,0,-40000000,False
1544,45,"Aug 14, 2009",The Time Traveler's Wife,39000000,63414846,102332135,38917289,63332135,True
1545,46,"Jun 17, 1983",Superman III,39000000,59950623,59950623,0,20950623,True
1546,47,"Feb 2, 2007",Because I Said So,39000000,42674040,69538833,26864793,30538833,True
1547,48,"Oct 5, 2012",Frankenweenie,39000000,35287788,81150788,45863000,42150788,True
1548,49,"Mar 29, 1996",Sgt. Bilko,39000000,30356589,37956589,7600000,-1043411,False
1549,50,"Sep 30, 2005",Serenity,39000000,25514517,40319440,14804923,1319440,True
1550,51,"Sep 7, 2007",Shoot 'Em Up,39000000,12796824,26796824,14000000,-12203176,False
1551,52,"Feb 20, 2004",Against the Ropes,39000000,5881504,6429865,548361,-32570135,False
1552,53,"Aug 23, 2013",Yi dai zong shi,38600000,6594959,57987299,51392340,19387299,True
1553,54,"Jun 22, 2001",The Fast and the Furious,38000000,144512310,206512310,62000000,168512310,True
1554,55,"Sep 27, 2002",Sweet Home Alabama,38000000,127214072,182365114,55151042,144365114,True
1555,56,"Jul 24, 2009",The Ugly Truth,38000000,88915214,205298907,116383693,167298907,True
1556,57,"Aug 7, 2002",Spy Kids 2: The Island of Lost Dreams,38000000,85846296,119721296,33875000,81721296,True
1557,58,"Nov 18, 1994",Star Trek: Generations,38000000,75671262,120000000,44328738,82000000,True
1558,59,"Jun 2, 2017",Captain Underpants: The First Epic Movie,38000000,73921000,126577874,52656874,88577874,True
1559,60,"Apr 17, 2015",Paul Blart: Mall Cop 2,38000000,71091594,107650646,36559052,69650646,True
1560,61,"Dec 19, 1997",Mouse Hunt,38000000,61894591,61894591,0,23894591,True
1561,62,"Dec 23, 2016",Why Him?,38000000,60323786,117425156,57101370,79425156,True
1562,63,"Apr 22, 2011",Water for Elephants,38000000,58709717,116809717,58100000,78809717,True
1563,64,"Oct 8, 2010",Life as We Know It,38000000,53374681,105887837,52513156,67887837,True
1564,65,"Dec 29, 1999",The Hurricane,38000000,50699241,73956241,23257000,35956241,True
1565,66,"Sep 6, 2013",Riddick,38000000,42025135,94763758,52738623,56763758,True
1566,67,"Mar 23, 2001",Heartbreakers,38000000,40334024,57753825,17419801,19753825,True
1567,68,"May 24, 2002",Enough,38000000,39177215,50970660,11793445,12970660,True
1568,69,"Jan 22, 2016",The 5th Wave,38000000,34912982,111336398,76423416,73336398,True
1569,70,"Feb 6, 2009",Push,38000000,31811527,49678401,17866874,11678401,True
1570,71,"Sep 20, 2013",Rush,38000000,26947624,98230839,71283215,60230839,True
1571,72,"May 18, 2001",Angel Eyes,38000000,24044532,29544532,5500000,-8455468,False
1572,73,"Dec 21, 2001",Joe Somebody,38000000,22770864,24515990,1745126,-13484010,False
1573,74,"Mar 10, 2000",The Ninth Gate,38000000,18653746,58394308,39740562,20394308,True
1574,75,"Oct 20, 2017",Only the Brave,38000000,18340051,24555177,6215126,-13444823,False
1575,76,"Sep 27, 1996",Extreme Measures,38000000,17378193,17378193,0,-20621807,False
1576,77,"Oct 14, 2011",The Thing,38000000,16999934,27573078,10573144,-10426922,False
1577,78,"Sep 7, 2001",Rock Star,38000000,16991902,19317765,2325863,-18682235,False
1578,79,"Feb 2, 1996",White Squall,38000000,10229300,10229300,0,-27770700,False
1579,80,"Oct 10, 2008",City of Ember,38000000,7873007,17831558,9958551,-20168442,False
1580,81,"Oct 31, 1997",Switchback,38000000,6504442,6504442,0,-31495558,False
1581,82,"Sep 21, 2018",The Sisters Brothers,38000000,3143056,13143056,10000000,-24856944,False
1582,83,"Nov 30, 2001",Texas Rangers,38000000,623374,623374,0,-37376626,False
1583,84,"Aug 26, 2008",Virgin Territory,38000000,0,5473041,5473041,-32526959,False
1584,85,"Jan 11, 2019",The Upside,37500000,108235497,119024536,10789039,81524536,True
1585,86,"May 18, 2012",What to Expect When You're Expecting,37500000,41152203,88473016,47320813,50973016,True
1586,87,"Sep 14, 2012",The Master,37500000,16247159,50647416,34400257,13147416,True
1587,88,"Oct 10, 2008",The Express,37500000,9793406,9813309,19903,-27686691,False
1588,89,"Nov 21, 2008",Twilight,37000000,192769854,402280159,209510305,365280159,True
1589,90,"Aug 7, 2013",We're the Millers,37000000,150394119,267816276,117422157,230816276,True
1590,91,"Nov 25, 2015",Creed,37000000,109767581,173567581,63800000,136567581,True
1591,92,"Sep 17, 2010",The Town,37000000,92186262,152566881,60380619,115566881,True
1592,93,"Sep 23, 2011",Dolphin Tale,37000000,72286779,96068724,23781945,59068724,True
1593,94,"Feb 23, 2018",Game Night,37000000,69179066,117378084,48199018,80378084,True
1594,95,"Sep 12, 2008",Burn After Reading,37000000,60355347,168167798,107812451,131167798,True
1595,96,"Apr 23, 2004",13 Going On 30,37000000,57139723,97658712,40518989,60658712,True
1596,97,"Apr 4, 2008",Nim's Island,37000000,48006762,101857425,53850663,64857425,True
1597,98,"Feb 12, 2016",How to be Single,37000000,46843513,100003780,53160267,63003780,True
1598,99,"Feb 26, 2010",Cop Out,37000000,44875481,55909910,11034429,18909910,True
1599,100,"Jan 28, 2011",The Rite,37000000,33047633,97143987,64096354,60143987,True
1600,1,"Jul 18, 2008",Space Chimps,37000000,30105968,67029956,36923988,30029956,True
1601,2,"Dec 17, 1999",Magnolia,37000000,22450975,48446802,25995827,11446802,True
1602,3,"May 29, 2015",Aloha,37000000,21052030,25387091,4335061,-11612909,False
1603,4,"Dec 31, 2009",Obitaemyy ostrov,36500000,0,15000000,15000000,-21500000,False
1604,5,"Oct 5, 2018",A Star is Born,36000000,215288866,433449571,218160705,397449571,True
1605,6,"Feb 11, 2011",Gnomeo and Juliet,36000000,99967670,193737977,93770307,157737977,True
1606,7,"Feb 15, 2002",John Q,36000000,71026631,102226631,31200000,66226631,True
1607,8,"Sep 17, 1999",Blue Streak,36000000,68208190,117448157,49239967,81448157,True
1608,9,"Oct 7, 1983",Never Say Never Again,36000000,55500000,160000000,104500000,124000000,True
1609,10,"Mar 26, 2010",Hot Tub Time Machine,36000000,50269859,65967750,15697891,29967750,True
1610,11,"May 2, 1997",Breakdown,36000000,50159144,50159144,0,14159144,True
1611,12,"Sep 12, 2014",Dolphin Tale 2,36000000,42024533,57824533,15800000,21824533,True
1612,13,"Dec 16, 2016",Collateral Beauty,36000000,31016021,85309093,54293072,49309093,True
1613,14,"Apr 4, 2003",A Man Apart,36000000,26500000,43797731,17297731,7797731,True
1614,15,"Feb 25, 2000",Reindeer Games,36000000,23360779,23360779,0,-12639221,False
1615,16,"Dec 24, 1999",Snow Falling on Cedars,36000000,14378353,14378353,0,-21621647,False
1616,17,"Dec 20, 1996",Ghosts of Mississippi,36000000,13052741,13052741,0,-22947259,False
1617,18,"Oct 24, 1997",Gattaca,36000000,12532777,12532777,0,-23467223,False
1618,19,"Jan 28, 2000",Isn't She Great,36000000,2954405,2954405,0,-33045595,False
1619,20,"Jan 22, 2016",Yip Man 3,36000000,2679437,157300954,154621517,121300954,True
1620,21,"May 6, 2011",There Be Dragons,36000000,1069334,4020990,2951656,-31979010,False
1621,22,"Apr 14, 2017",Queen of the Desert,36000000,0,1578543,1578543,-34421457,False
1622,23,"Mar 28, 2003",Head of State,35200000,37788228,38283765,495537,3083765,True
1623,24,"Sep 8, 2017",It,35000000,327481748,697457969,369976221,662457969,True
1624,25,"Jun 5, 2009",The Hangover,35000000,277322503,465764086,188441583,430764086,True
1625,26,"Nov 20, 2009",The Blind Side,35000000,255959475,305705794,49746319,270705794,True
1626,27,"Jun 23, 1989",Batman,35000000,251188924,411348924,160160000,376348924,True
1627,28,"Jun 10, 1999",Austin Powers: The Spy Who Shagged Me,35000000,206040085,312383487,106343402,277383487,True
1628,29,"Dec 22, 2010",True Grit,35000000,171243005,252276928,81033923,217276928,True
1629,30,"May 15, 1992",Lethal Weapon 3,35000000,144731527,319700000,174968473,284700000,True
1630,31,"Sep 18, 1998",Rush Hour,35000000,141186864,245300000,104113136,210300000,True
1631,32,"Feb 8, 2013",Identity Thief,35000000,134506920,175361578,40854658,140361578,True
1632,33,"Jun 30, 2006",The Devil Wears Prada,35000000,124740460,326073155,201332695,291073155,True
1633,34,"Jul 8, 2011",Horrible Bosses,35000000,117538559,212417601,94879042,177417601,True
1634,35,"Mar 30, 2001",Spy Kids,35000000,112692062,197692062,85000000,162692062,True
1635,36,"Jul 17, 2015",Trainwreck,35000000,110212700,141123897,30911197,106123897,True
1636,37,"Dec 13, 2013",Saving Mr. Banks,35000000,83299761,114962525,31662764,79962525,True
1637,38,"Dec 7, 1979",Star Trek: The Motion Picture,35000000,82258456,139000000,56741544,104000000,True
1638,39,"Mar 28, 2008",21,35000000,81159365,159846429,78687064,124846429,True
1639,40,"May 9, 2008",What Happens in Vegas...,35000000,80277646,218535708,138258062,183535708,True
1640,41,"Nov 15, 1991",Cape Fear,35000000,79091969,182291969,103200000,147291969,True
1641,42,"Nov 15, 1996",The English Patient,35000000,78716374,231710008,152993634,196710008,True
1642,43,"Jan 16, 2009",Hotel for Dogs,35000000,73178547,122357172,49178625,87357172,True
1643,44,"Mar 25, 2005",Guess Who,35000000,68915888,102115888,33200000,67115888,True
1644,45,"Dec 21, 2012",This is 40,35000000,67544505,90221182,22676677,55221182,True
1645,46,"Sep 19, 1997",L.A. Confidential,35000000,64604977,126204977,61600000,91204977,True
1646,47,"Jul 29, 2005",Sky High,35000000,63939454,83109359,19169905,48109359,True
1647,48,"Sep 19, 1997",In & Out,35000000,63826569,83226569,19400000,48226569,True
1648,49,"Apr 30, 2010",A Nightmare on Elm Street,35000000,63075011,117729621,54654610,82729621,True
1649,50,"Aug 18, 2000",The Cell,35000000,61280963,85911226,24630263,50911226,True
1650,51,"Jul 7, 1995",Species,35000000,60054449,113354449,53300000,78354449,True
1651,52,"Apr 7, 2006",The Benchwarmers,35000000,59843754,65063726,5219972,30063726,True
1652,53,"Oct 8, 2010",Secretariat,35000000,59699513,60376247,676734,25376247,True
1653,54,"Mar 13, 1998",The Man in the Iron Mask,35000000,56968169,56968169,0,21968169,True
1654,55,"Jul 22, 2011",Friends with Benefits,35000000,55802754,146595891,90793137,111595891,True
1655,56,"May 20, 2016",Neighbors 2: Sorority Rising,35000000,55340730,108757621,53416891,73757621,True
1656,57,"Mar 23, 2007",TMNT,35000000,54149098,96096018,41946920,61096018,True
1657,58,"Oct 24, 2003",Radio,35000000,52333738,53293628,959890,18293628,True
1658,59,"Jun 29, 2018",Sicario: Day of the Soldado,35000000,50065850,75885196,25819346,40885196,True
1659,60,"Nov 25, 2009",Old Dogs,35000000,49492060,95104304,45612244,60104304,True
1660,61,"Nov 18, 1992",Malcolm X,35000000,48169910,48169910,0,13169910,True
1661,62,"May 22, 2015",Poltergeist,35000000,47425125,95713069,48287944,60713069,True
1662,63,"Oct 12, 2018",Goosebumps 2: Haunted Halloween,35000000,46697321,93291478,46594157,58291478,True
1663,64,"Jan 19, 2018",12 Strong,35000000,45819713,71118378,25298665,36118378,True
1664,65,"Jan 23, 2009",Underworld 3: Rise of the Lycans,35000000,45802315,89102315,43300000,54102315,True
1665,66,"Jul 29, 2005",Must Love Dogs,35000000,43894863,58405313,14510450,23405313,True
1666,67,"Jul 3, 2007",License to Wed,35000000,43799818,70187088,26387270,35187088,True
1667,68,"Feb 28, 1997",Donnie Brasco,35000000,41954997,65303052,23348055,30303052,True
1668,69,"Oct 17, 2008",Max Payne,35000000,40689393,87775050,47085657,52775050,True
1669,70,"Mar 15, 2002",Resident Evil,35000000,40119709,103787401,63667692,68787401,True
1670,71,"Mar 26, 2004",The Ladykillers,35000000,39692139,77392139,37700000,42392139,True
1671,72,"May 6, 2011",Something Borrowed,35000000,39046489,65084116,26037627,30084116,True
1672,73,"Dec 1, 2006",The Nativity Story,35000000,37629831,46309644,8679813,11309644,True
1673,74,"Oct 28, 2011",In Time,35000000,37553932,165103952,127550020,130103952,True
1674,75,"Apr 23, 2010",The Back-up Plan,35000000,37490007,75281179,37791172,40281179,True
1675,76,"Nov 9, 2011",J. Edgar,35000000,37306030,84606030,47300000,49606030,True
1676,77,"Nov 17, 2000",Bounce,35000000,36805288,53425292,16620004,18425292,True
1677,78,"Aug 17, 2018",Mile 22,35000000,36108758,66295121,30186363,31295121,True
1678,79,"May 8, 2015",Hot Pursuit,35000000,34580201,45671512,11091311,10671512,True
1679,80,"Dec 25, 2015",Concussion,35000000,34531832,50363790,15831958,15363790,True
1680,81,"Oct 13, 2017",The Foreigner,35000000,34393507,140783360,106389853,105783360,True
1681,82,"Dec 3, 2004",Closer,35000000,33987757,116177695,82189938,81177695,True
1682,83,"Dec 23, 1994",Street Fighter,35000000,33423000,99423000,66000000,64423000,True
1683,84,"Nov 21, 2001",Black Knight,35000000,33422806,33422806,0,-1577194,False
1684,85,"Jul 22, 2005",The Bad News Bears,35000000,32868349,33500620,632271,-1499380,False
1685,86,"Dec 27, 2002",The Pianist,35000000,32519322,111854182,79334860,76854182,True
1686,87,"May 6, 2005",House of Wax,35000000,32064800,70064800,38000000,35064800,True
1687,88,"Oct 19, 2001",From Hell,35000000,31598308,68712365,37114057,33712365,True
1688,89,"Jun 1, 2018",Adrift,35000000,31445011,57897191,26452180,22897191,True
1689,90,"Aug 15, 2008",Mirrors,35000000,30691439,77220596,46529157,42220596,True
1690,91,"Jan 6, 2017",Underworld: Blood Wars,35000000,30353973,81209222,50855249,46209222,True
1691,92,"Feb 22, 2002",Queen of the Damned,35000000,30307804,30307804,0,-4692196,False
1692,93,"Aug 20, 2010",Nanny McPhee and the Big Bang,35000000,29197642,97799865,68602223,62799865,True
1693,94,"Jan 25, 2008",Untraceable,35000000,28687835,52649951,23962116,17649951,True
1694,95,"Nov 21, 1990",Predator 2,35000000,28317513,54768418,26450905,19768418,True
1695,96,"Sep 23, 2011",Abduction,35000000,28087155,86648359,58561204,51648359,True
1696,97,"Dec 5, 1980",Flash Gordon,35000000,27107960,27107960,0,-7892040,False
1697,98,"Mar 28, 2008",Superhero Movie,35000000,26638520,73026302,46387782,38026302,True
1698,99,"Feb 12, 1999",Blast from the Past,35000000,26613620,26613620,0,-8386380,False
1699,100,"Oct 19, 2012",Alex Cross,35000000,25888412,35426759,9538347,426759,True
1700,1,"Mar 26, 2004",Jersey Girl,35000000,25266129,37066129,11800000,2066129,True
1701,2,"Nov 21, 1997",Midnight in the Garden of Good and Evil,35000000,25078937,25078937,0,-9921063,False
1702,3,"Sep 16, 2016",Bridget Jonesâs Baby,35000000,24139805,205822688,181682883,170822688,True
1703,4,"Nov 9, 2001",Heist,35000000,23483357,28906817,5423460,-6093183,False
1704,5,"Dec 25, 1992",Hoffa,35000000,23365858,28391473,5025615,-6608527,False
1705,6,"Mar 4, 2016",Whiskey Tango Foxtrot,35000000,23083334,25350747,2267413,-9649253,False
1706,7,"Apr 9, 2004",Ella Enchanted,35000000,22913677,22913677,0,-12086323,False
1707,8,"Aug 21, 2015",Hitman: Agent 47,35000000,22467450,82182803,59715353,47182803,True
1708,9,"Jul 25, 2008",The X-Files: I Want to Believe,35000000,20982478,68170792,47188314,33170792,True
1709,10,"Aug 24, 2012",Premium Rush,35000000,20275446,31393201,11117755,-3606799,False
1710,11,"Jan 18, 2013",Broken City,35000000,19701164,34480045,14778881,-519955,False
1711,12,"Aug 19, 2005",Valiant,35000000,19478106,64188387,44710281,29188387,True
1712,13,"Feb 23, 2000",Wonder Boys,35000000,19389454,33422485,14033031,-1577515,False
1713,14,"Feb 25, 2005",Cursed,35000000,19294901,25114901,5820000,-9885099,False
1714,15,"Dec 21, 2007",Walk Hard: The Dewey Cox Story,35000000,18317151,20606053,2288902,-14393947,False
1715,16,"Sep 20, 2002",The Four Feathers,35000000,18306166,29882645,11576479,-5117355,False
1716,17,"Apr 30, 2010",Furry Vengeance,35000000,17630465,39340177,21709712,4340177,True
1717,18,"Jan 25, 2013",Parker,35000000,17616641,48543388,30926747,13543388,True
1718,19,"Sep 17, 2004",Wimbledon,35000000,16862585,41666476,24803891,6666476,True
1719,20,"Sep 15, 2000",Bait,35000000,15325127,15471969,146842,-19528031,False
1720,21,"Dec 8, 2000",Dungeons and Dragons,35000000,15185241,33771965,18586724,-1228035,False
1721,22,"Nov 9, 2007",Lions for Lambs,35000000,14998070,63211088,48213018,28211088,True
1722,23,"Jan 18, 1991",Flight of the Intruder,35000000,14471440,14471440,0,-20528560,False
1723,24,"May 27, 2011",The Tree of Life,35000000,13305665,61721826,48416161,26721826,True
1724,25,"Aug 17, 2001",American Outlaws,35000000,13264986,13601109,336123,-21398891,False
1725,26,"Aug 11, 2006",Zoom,35000000,11989328,12506188,516860,-22493812,False
1726,27,"Dec 25, 2001",The Shipping News,35000000,11405825,24405825,13000000,-10594175,False
1727,28,"Dec 18, 2009",The Young Victoria,35000000,11001272,31878891,20877619,-3121109,False
1728,29,"Mar 28, 2014",Sabotage,35000000,10508518,18376443,7867925,-16623557,False
1729,30,"Sep 4, 1998",Knock Off,35000000,10319915,10319915,0,-24680085,False
1730,31,"Sep 11, 2009",Whiteout,35000000,10275638,12254746,1979108,-22745254,False
1731,32,"Mar 6, 2015",Unfinished Business,35000000,10219501,13214051,2994550,-21785949,False
1732,33,"Sep 30, 2015",The Walk,35000000,10161183,61492104,51330921,26492104,True
1733,34,"Nov 22, 2006",The Fountain,35000000,10144010,15461638,5317628,-19538362,False
1734,35,"Nov 29, 2013",Mandela: Long Walk to Freedom,35000000,8323085,29890402,21567317,-5109598,False
1735,36,"Dec 5, 2008",Punisher: War Zone,35000000,8050977,10157534,2106557,-24842466,False
1736,37,"Sep 5, 2003",The Order,35000000,7659747,11559747,3900000,-23440253,False
1737,38,"Nov 10, 2006",A Good Year,35000000,7459300,42064105,34604805,7064105,True
1738,39,"Mar 11, 2016",The Brothers Grimsby,35000000,6864016,28720470,21856454,-6279530,False
1739,40,"Oct 20, 2017",The Snowman,35000000,6670765,43226146,36555381,8226146,True
1740,41,"Nov 6, 2002",Femme Fatale,35000000,6630252,16830252,10200000,-18169748,False
1741,42,"May 2, 1997",Warriors of Virtue,35000000,6448817,6448817,0,-28551183,False
1742,43,"Sep 26, 2003",Luther,35000000,5781086,32717063,26935977,-2282937,False
1743,44,"Jan 28, 2011",Biutiful,35000000,5101237,24687524,19586287,-10312476,False
1744,45,"Feb 21, 1992",Radio Flyer,35000000,4651977,4651977,0,-30348023,False
1745,46,"Apr 16, 1993",Bound by Honor,35000000,4496583,4496583,0,-30503417,False
1746,47,"Apr 22, 2016",A Hologram for the King,35000000,4212494,11846010,7633516,-23153990,False
1747,48,"Feb 28, 1997",Smilla's Sense of Snow,35000000,2221994,2221994,0,-32778006,False
1748,49,"Oct 3, 1986",Playing for Keeps,35000000,2000000,2000000,0,-33000000,False
1749,50,"Jan 1, 1980",Lion of the Desert,35000000,1500000,1500000,0,-33500000,False
1750,51,"Apr 19, 1996",Le hussard sur le toit,35000000,1320043,1320043,0,-33679957,False
1751,52,"Nov 24, 1999",Ride With the Devil,35000000,630779,630779,0,-34369221,False
1752,53,"Sep 14, 2012",Stolen,35000000,289773,17967746,17677973,-17032254,False
1753,54,"Oct 14, 2011",Trespass,35000000,16816,786532,769716,-34213468,False
1754,55,"Sep 22, 2006",Bandidas,35000000,0,19282590,19282590,-15717410,False
1755,56,"Mar 13, 2015",The Lovers,35000000,0,53899,53899,-34946101,False
1756,57,"Dec 31, 2008",Black Water Transit,35000000,0,0,0,-35000000,False
1757,58,"Dec 25, 2011",The Darkest Hour,34800000,21443494,62831715,41388221,28031715,True
1758,59,"Jun 28, 2017",Baby Driver,34000000,107825862,228104185,120278323,194104185,True
1759,60,"Sep 19, 2014",The Maze Runner,34000000,102427862,348319861,245891999,314319861,True
1760,61,"Apr 10, 2015",The Longest Ride,34000000,37446117,63802928,26356811,29802928,True
1761,62,"Sep 17, 1993",The Age of Innocence,34000000,32014993,32014993,0,-1985007,False
1762,63,"Aug 14, 2009",Gake no ue no Ponyo,34000000,15090399,205312666,190222267,171312666,True
1763,64,"Aug 3, 2018",The Darkest Minds,34000000,12695691,38361428,25665737,4361428,True
1764,65,"Sep 1, 1999",Chill Factor,34000000,11263966,11263966,0,-22736034,False
1765,66,"Aug 27, 1999",The Astronaut's Wife,34000000,10672566,10672566,0,-23327434,False
1766,67,"May 5, 2000",I Dreamed of Africa,34000000,6543194,14291999,7748805,-19708001,False
1767,68,"Sep 5, 2014",Thunder and the House of Magic,34000000,4091,62582520,62578429,28582520,True
1768,69,"Dec 4, 1981",Reds,33500000,50000000,50000000,0,16500000,True
1769,70,"Dec 11, 1992",A Few Good Men,33000000,141340178,236500000,95159822,203500000,True
1770,71,"Jun 2, 2000",Big Momma's House,33000000,117559438,173559438,56000000,140559438,True
1771,72,"Mar 16, 2001",Exit Wounds,33000000,51758599,79958599,28200000,46958599,True
1772,73,"Jul 8, 2016",Mike and Dave Need Wedding Dates,33000000,46009673,75898100,29888427,42898100,True
1773,74,"Jul 27, 2012",Step Up Revolution,33000000,35074677,165552290,130477613,132552290,True
1774,75,"Aug 18, 2006",Snakes on a Plane,33000000,34020814,62020814,28000000,29020814,True
1775,76,"Apr 16, 2004",The Punisher,33000000,33664370,54533774,20869404,21533774,True
1776,77,"Sep 8, 2000",The Watcher,33000000,28946615,47267829,18321214,14267829,True
1777,78,"Apr 27, 2012",Safe,33000000,17142080,41495213,24353133,8495213,True
1778,79,"Mar 14, 2008",Doomsday,33000000,11008770,21621188,10612418,-11378812,False
1779,80,"Apr 23, 1999",Pushing Tin,33000000,8408835,8408835,0,-24591165,False
1780,81,"May 12, 2006",Goal! The Dream Begins,33000000,4283255,27610873,23327618,-5389127,False
1781,82,"Jul 31, 2015",The Young and Prodigious T.S. Spivet,33000000,176847,357687,180840,-32642313,False
1782,83,"Oct 30, 2015",Freaks of Nature,33000000,70958,70958,0,-32929042,False
1783,84,"May 25, 1983",Star Wars Ep. VI: Return of the Jedi,32500000,309205079,572705079,263500000,540205079,True
1784,85,"May 13, 2011",Bridesmaids,32500000,169211718,289632023,120420305,257132023,True
1785,86,"Dec 10, 2008",The Reader,32500000,34194407,112964875,78770468,80464875,True
1786,87,"Apr 26, 2013",The Big Wedding,32500000,21819348,48425971,26606623,15925971,True
1787,88,"Feb 24, 2012",Wanderlust,32500000,17288155,24159934,6871779,-8340066,False
1788,89,"Nov 7, 2003",Elf,32000000,173840591,220678483,46837892,188678483,True
1789,90,"Jul 5, 1996",Phenomenon,32000000,104636382,152036382,47400000,120036382,True
1790,91,"Jun 12, 2013",This is the End,32000000,101470202,126539117,25068915,94539117,True
1791,92,"Jan 18, 2002",Snow Dogs,32000000,81150692,116898028,35747336,84898028,True
1792,93,"Jun 16, 2006",Nacho Libre,32000000,80197993,99296462,19098469,67296462,True
1793,94,"Nov 23, 1988",Scrooged,32000000,59450353,59450353,0,27450353,True
1794,95,"Aug 27, 2010",Takers,32000000,57744720,70587268,12842548,38587268,True
1795,96,"Apr 1, 2011",Source Code,32000000,54712227,140428499,85716272,108428499,True
1796,97,"Sep 10, 1999",Stigmata,32000000,50041732,89441732,39400000,57441732,True
1797,98,"Nov 10, 2000",Men of Honor,32000000,48814909,82339483,33524574,50339483,True
1798,99,"Apr 20, 2018",I Feel Pretty,32000000,48795601,91553797,42758196,59553797,True
1799,100,"Sep 2, 2005",The Transporter 2,32000000,43095856,88978458,45882602,56978458,True
1800,1,"Feb 18, 2011","Big Mommas: Like Father, Like Son",32000000,37915414,82332450,44417036,50332450,True
1801,2,"Jan 15, 1993",Alive,32000000,36299670,36299670,0,4299670,True
1802,3,"Feb 23, 2007",The Number 23,32000000,35193167,77593167,42400000,45593167,True
1803,4,"Dec 14, 1979",1941,32000000,34175000,94875000,60700000,62875000,True
1804,5,"Oct 21, 2005",Dreamer: Inspired by a True Story,32000000,33022286,39498360,6476074,7498360,True
1805,6,"Sep 23, 2005",A History of Violence,32000000,31493782,61477797,29984015,29477797,True
1806,7,"Mar 15, 2013",The Incredible Burt Wonderstone,32000000,22537881,27392609,4854728,-4607391,False
1807,8,"Feb 10, 1995",The Quick and the Dead,32000000,18552460,18552460,0,-13447540,False
1808,9,"Apr 30, 2004",Laws of Attraction,32000000,17848322,29948322,12100000,-2051678,False
1809,10,"Oct 12, 2018",Bad Times at the El Royale,32000000,17839115,29204379,11365264,-2795621,False
1810,11,"Sep 3, 2010",Going the Distance,32000000,17804299,43603990,25799691,11603990,True
1811,12,"Oct 22, 1999",Bringing Out The Dead,32000000,16640210,16640210,0,-15359790,False
1812,13,"Mar 19, 2010",Repo Men,32000000,13942007,18195238,4253231,-13804762,False
1813,14,"Sep 14, 2007",Dragon Wars: D-War,32000000,10977721,79915361,68937640,47915361,True
1814,15,"Sep 6, 1996",Bogus,32000000,4357406,4357406,0,-27642594,False
1815,16,"Mar 26, 1997",Cats Don't Dance,32000000,3588602,3588602,0,-28411398,False
1816,17,"Dec 8, 1999",Cradle Will Rock,32000000,2899970,2899970,0,-29100030,False
1817,18,"Dec 15, 2006",The Good German,32000000,1308696,6678033,5369337,-25321967,False
1818,19,"Dec 31, 2004",George and the Dragon,32000000,0,0,0,-32000000,False
1819,20,"Aug 15, 1979",Apocalypse Now,31500000,78800000,81250485,2450485,49750485,True
1820,21,"Apr 15, 2016",Criminal,31500000,14708696,38771262,24062566,7271262,True
1821,22,"Apr 12, 2013",42,31000000,95020213,97470701,2450488,66470701,True
1822,23,"Nov 2, 2012",Flight,31000000,93772375,160558438,66786063,129558438,True
1823,24,"Dec 29, 1995",Mr. Hollandâs Opus,31000000,82582604,106282604,23700000,75282604,True
1824,25,"Dec 18, 1985",Out of Africa,31000000,79096868,258210860,179113992,227210860,True
1825,26,"Jun 29, 1979",Moonraker,31000000,70300000,210300000,140000000,179300000,True
1826,27,"Mar 7, 2014",The Grand Budapest Hotel,31000000,59076019,163981261,104905242,132981261,True
1827,28,"Jul 29, 2015",Vacation,31000000,58884188,102306500,43422312,71306500,True
1828,29,"Jul 18, 1990",Arachnophobia,31000000,53208180,53208180,0,22208180,True
1829,30,"Feb 13, 2019",Isnât it Romantic,31000000,48791187,48791187,0,17791187,True
1830,31,"Apr 28, 2000",Frequency,31000000,44983704,68079671,23095967,37079671,True
1831,32,"Sep 28, 2001",Hearts in Atlantis,31000000,24185781,30885781,6700000,-114219,False
1832,33,"Jan 22, 2010",Extraordinary Measures,31000000,12482741,15826984,3344243,-15173016,False
1833,34,"Aug 25, 2017",Birth of the Dragon,31000000,6901965,7220490,318525,-23779510,False
1834,35,"Oct 20, 1995",Get Shorty,30250000,72021008,115021008,43000000,84771008,True
1835,36,"Jun 8, 1984",Ghostbusters,30000000,242212467,295212467,53000000,265212467,True
1836,37,"Nov 22, 1995",Toy Story,30000000,191796233,364545516,172749283,334545516,True
1837,38,"Aug 15, 2018",Crazy Rich Asians,30000000,174532921,238099711,63566790,208099711,True
1838,39,"Dec 27, 2002",Chicago,30000000,170687518,306770545,136083027,276770545,True
1839,40,"Jun 25, 1999",Big Daddy,30000000,163479795,228641283,65161488,198641283,True
1840,41,"Aug 10, 2001",American Pie 2,30000000,145096820,286500000,141403180,256500000,True
1841,42,"Feb 10, 2012",The Vow,30000000,125014030,197618160,72604130,167618160,True
1842,43,"Jun 10, 1994",Speed,30000000,121248145,283200000,161951855,253200000,True
1843,44,"Mar 2, 1990",The Hunt for Red October,30000000,120709866,200500000,79790134,170500000,True
1844,45,"Aug 16, 2013",Lee Daniels' The Butler,30000000,116632095,177025498,60393403,147025498,True
1845,46,"Sep 29, 2000",Remember the Titans,30000000,115654751,136706683,21051932,106706683,True
1846,47,"Aug 14, 2009",District 9,30000000,115646235,212453431,96807196,182453431,True
1847,48,"Jun 18, 2004",Dodgeball: A True Underdog Story,30000000,114326736,167791704,53464968,137791704,True
1848,49,"Nov 22, 1991",The Addams Family,30000000,113502246,191502246,78000000,161502246,True
1849,50,"Nov 10, 1995",Ace Ventura: When Nature Calls,30000000,108360063,212400000,104039937,182400000,True
1850,51,"Aug 3, 2001",The Princess Diaries,30000000,108244774,165334774,57090000,135334774,True
1851,52,"Mar 5, 1999",Analyze This,30000000,106885658,176885658,70000000,146885658,True
1852,53,"Sep 20, 1996",The First Wives Club,30000000,105489203,181489203,76000000,151489203,True
1853,54,"Dec 15, 2004",Million Dollar Baby,30000000,100492203,231928227,131436024,201928227,True
1854,55,"Sep 22, 1995",Se7en,30000000,100125643,328125643,228000000,298125643,True
1855,56,"Oct 8, 2003",Mystic River,30000000,90135191,156822020,66686829,126822020,True
1856,57,"Dec 18, 2015",Sisters,30000000,87044645,106030660,18986015,76030660,True
1857,58,"Nov 10, 1999",Pokemon: The First Movie,30000000,85744662,163644662,77900000,133644662,True
1858,59,"Nov 19, 2004",SpongeBob SquarePants: The Movie,30000000,85416609,142051255,56634646,112051255,True
1859,60,"Dec 4, 2009",Up in the Air,30000000,83823381,166842739,83019358,136842739,True
1860,61,"Jun 25, 2004",The Notebook,30000000,81001787,116025023,35023236,86025023,True
1861,62,"Apr 10, 2009",Hannah Montana the Movie,30000000,79576189,169173206,89597017,139173206,True
1862,63,"Jan 18, 2008",27 Dresses,30000000,76808654,160247805,83439151,130247805,True
1863,64,"Nov 17, 2000",Rugrats in Paris,30000000,76501438,103284813,26783375,73284813,True
1864,65,"Aug 18, 2017",The Hitmanâs Bodyguard,30000000,75468583,172778667,97310084,142778667,True
1865,66,"Dec 25, 1991",The Prince of Tides,30000000,74787599,74787599,0,44787599,True
1866,67,"Aug 12, 2005",Four Brothers,30000000,74494381,92494381,18000000,62494381,True
1867,68,"Dec 23, 1994",Legends of the Fall,30000000,66502573,160502573,94000000,130502573,True
1868,69,"Sep 28, 2012",Looper,30000000,66486205,170466405,103980200,140466405,True
1869,70,"Feb 1, 2013",Warm Bodies,30000000,66380662,115121608,48740946,85121608,True
1870,71,"Dec 13, 2002",About Schmidt,30000000,65005217,107054484,42049267,77054484,True
1871,72,"Jan 17, 2014",The Nut Job,30000000,64251538,122529966,58278428,92529966,True
1872,73,"Feb 16, 2001",Down to Earth,30000000,64172251,71172251,7000000,41172251,True
1873,74,"Aug 4, 1995",Babe,30000000,63658910,246100000,182441090,216100000,True
1874,75,"Aug 8, 2012",Hope Springs,30000000,63536011,133085295,69549284,103085295,True
1875,76,"Apr 18, 2008",Forgetting Sarah Marshall,30000000,63172463,105173042,42000579,75173042,True
1876,77,"Oct 8, 2004",Friday Night Lights,30000000,61255921,61950770,694849,31950770,True
1877,78,"Nov 17, 1989",Harlem Nights,30000000,60857262,95857262,35000000,65857262,True
1878,79,"Apr 25, 2008",Baby Mama,30000000,60494212,64170447,3676235,34170447,True
1879,80,"May 29, 1998",Hope Floats,30000000,60110313,81529000,21418687,51529000,True
1880,81,"Jan 9, 2009",Bride Wars,30000000,58715510,115150424,56434914,85150424,True
1881,82,"Aug 20, 2004",Without a Paddle,30000000,58156435,65121280,6964845,35121280,True
1882,83,"May 20, 2011",Midnight in Paris,30000000,56816662,162502774,105686112,132502774,True
1883,84,"Nov 22, 2017",Darkest Hour,30000000,56443120,150807172,94364052,120807172,True
1884,85,"Oct 5, 2005",Wallace & Gromit: The Curse of the Were-Rabbit,30000000,56068547,197593152,141524605,167593152,True
1885,86,"Dec 21, 2007",P.S. I Love You,30000000,53695808,155769678,102073870,125769678,True
1886,87,"Sep 23, 2005",Corpse Bride,30000000,53359111,114770654,61411543,84770654,True
1887,88,"May 11, 2018",Life of the Party,30000000,53059911,65759911,12700000,35759911,True
1888,89,"May 14, 2010",Letters to Juliet,30000000,53032453,82148538,29116085,52148538,True
1889,90,"Apr 6, 2001",Blow,30000000,52990775,83282296,30291521,53282296,True
1890,91,"Feb 12, 1999",Message in a Bottle,30000000,52880016,52880016,0,22880016,True
1891,92,"Jul 24, 2015",Southpaw,30000000,52421953,94156456,41734503,64156456,True
1892,93,"Jun 9, 1989",Star Trek V: The Final Frontier,30000000,52210049,70200000,17989951,40200000,True
1893,94,"Jul 28, 2017",Atomic Blonde,30000000,51573925,98345423,46771498,68345423,True
1894,95,"Jul 3, 2002",Like Mike,30000000,51432423,62432423,11000000,32432423,True
1895,96,"Mar 18, 1994",Naked Gun 33 1/3: The Final Insult,30000000,51041856,51041856,0,21041856,True
1896,97,"Dec 7, 2007",Atonement,30000000,50980159,129779728,78799569,99779728,True
1897,98,"May 24, 1985",A View to a Kill,30000000,50327960,152627960,102300000,122627960,True
1898,99,"Jan 14, 2005",Racing Stripes,30000000,49772522,89955540,40183018,59955540,True
1899,100,"Sep 18, 2015",Sicario,30000000,46889293,84393749,37504456,54393749,True
1900,1,"Sep 22, 1989",Black Rain,30000000,45892212,45892212,0,15892212,True
1901,2,"Jun 26, 1987",Full Metal Jacket,30000000,45015999,45015999,0,15015999,True
1902,3,"Jan 19, 2018",Den of Thieves,30000000,44947622,80131391,35183769,50131391,True
1903,4,"Apr 13, 2012",The Three Stooges,30000000,44338224,54052249,9714025,24052249,True
1904,5,"Jul 21, 2000",Pokemon 2000,30000000,43746923,133946923,90200000,103946923,True
1905,6,"Oct 24, 2014",John Wick,30000000,43037835,76235001,33197166,46235001,True
1906,7,"Jan 13, 2006",Glory Road,30000000,42647449,42799060,151611,12799060,True
1907,8,"Apr 24, 2015",The Age of Adaline,30000000,42629776,68984536,26354760,38984536,True
1908,9,"Aug 6, 2010",Step Up 3D,30000000,42400223,165889117,123488894,135889117,True
1909,10,"May 29, 2009",Drag Me To Hell,30000000,42100625,91388487,49287862,61388487,True
1910,11,"Apr 13, 2012",The Cabin in the Woods,30000000,42073277,70689968,28616691,40689968,True
1911,12,"Sep 19, 2003",Secondhand Lions,30000000,42070939,47902566,5831627,17902566,True
1912,13,"Nov 10, 2006",Stranger Than Fiction,30000000,40435190,53572822,13137632,23572822,True
1913,14,"Apr 8, 2011",Hanna,30000000,40259119,65343694,25084575,35343694,True
1914,15,"Aug 16, 2002",Blue Crush,30000000,40118420,51618420,11500000,21618420,True
1915,16,"Oct 19, 2007",30 Days of Night,30000000,39568996,80276156,40707160,50276156,True
1916,17,"Dec 19, 1986",Little Shop of Horrors,30000000,38747385,38747385,0,8747385,True
1917,18,"Sep 15, 2006",Gridiron Gang,30000000,38432823,41457834,3025011,11457834,True
1918,19,"Jul 20, 1988",Midnight Run,30000000,38413606,81613606,43200000,51613606,True
1919,20,"Jan 25, 2008",Meet the Spartans,30000000,38233676,84646831,46413155,54646831,True
1920,21,"Nov 13, 1987",The Running Man,30000000,38122000,38122000,0,8122000,True
1921,22,"Sep 13, 2013",The Family,30000000,36918811,51078541,14159730,21078541,True
1922,23,"Feb 9, 2018",The 15:17 to Paris,30000000,36276286,56096200,19819914,26096200,True
1923,24,"Nov 21, 1997",Mortal Kombat: Annihilation,30000000,35927406,51327406,15400000,21327406,True
1924,25,"Jul 1, 2011",Larry Crowne,30000000,35608245,61449135,25840890,31449135,True
1925,26,"Oct 18, 2013",Carrie,30000000,35266619,82409520,47142901,52409520,True
1926,27,"Apr 7, 2006",Take the Lead,30000000,34742066,65390493,30648427,35390493,True
1927,28,"Mar 2, 2018",Death Wish,30000000,34017028,48575965,14558937,18575965,True
1928,29,"Nov 24, 2010",Love and Other Drugs,30000000,32367005,102716321,70349316,72716321,True
1929,30,"Jun 3, 2015",Entourage,30000000,32363404,46438538,14075134,16438538,True
1930,31,"Jun 1, 2001",What's the Worst That Could Happen?,30000000,32267774,38462071,6194297,8462071,True
1931,32,"Feb 8, 2013",Side Effects,30000000,32172757,66742138,34569381,36742138,True
1932,33,"Sep 9, 2009",9,30000000,31749894,48559999,16810105,18559999,True
1933,34,"Jul 2, 2014",Deliver Us from Evil,30000000,30577122,87956618,57379496,57956618,True
1934,35,"Aug 1, 2014",Get on Up,30000000,30569935,33339868,2769933,3339868,True
1935,36,"Dec 25, 2017",Mollyâs Game,30000000,28780744,53296424,24515680,23296424,True
1936,37,"Apr 27, 2012",The Five-Year Engagement,30000000,28700285,61623819,32923534,31623819,True
1937,38,"Apr 2, 2004",The Prince & Me,30000000,28165882,29356757,1190875,-643243,False
1938,39,"Jul 15, 2011",Winnie the Pooh,30000000,26692846,50145607,23452761,20145607,True
1939,40,"May 15, 1998",Bulworth,30000000,26528684,29203383,2674699,-796617,False
1940,41,"Jun 13, 2003",Dumb and Dumberer: When Harry Met Lloyd,30000000,26214846,26214846,0,-3785154,False
1941,42,"Sep 14, 2018",White Boy Rick,30000000,24004833,25947983,1943150,-4052017,False
1942,43,"Aug 4, 1995",Virtuosity,30000000,23998226,23998226,0,-6001774,False
1943,44,"Sep 18, 1998",One True Thing,30000000,23337196,26708196,3371000,-3291804,False
1944,45,"Feb 4, 2011",Sanctum,30000000,23209310,108957098,85747788,78957098,True
1945,46,"Jul 21, 2006",My Super Ex-Girlfriend,30000000,22530295,60772856,38242561,30772856,True
1946,47,"Aug 25, 2017",Ballerina,30000000,21858070,96892829,75034759,66892829,True
1947,48,"Sep 17, 2004",Mr. 3000,30000000,21800302,21827296,26994,-8172704,False
1948,49,"Nov 19, 2010",The Next Three Days,30000000,21148651,67255916,46107265,37255916,True
1949,50,"Jan 12, 2018",Proud Mary,30000000,20868638,21709539,840901,-8290461,False
1950,51,"Aug 6, 2004",Little Black Book,30000000,20422207,21758371,1336164,-8241629,False
1951,52,"Jan 19, 2005",Assault On Precinct 13,30000000,20040895,36040895,16000000,6040895,True
1952,53,"Oct 4, 2013",Runner Runner,30000000,19316646,60512680,41196034,30512680,True
1953,54,"Feb 6, 1998",The Replacement Killers,30000000,19035741,19035741,0,-10964259,False
1954,55,"Apr 28, 2017",Baahubali 2: The Conclusion,30000000,18985794,263502914,244517120,233502914,True
1955,56,"Mar 3, 2006",Ultraviolet,30000000,18522064,30962112,12440048,962112,True
1956,57,"Oct 21, 2005",North Country,30000000,18324242,23676771,5352529,-6323229,False
1957,58,"Aug 19, 2011",Fright Night,30000000,18298649,40520649,22222000,10520649,True
1958,59,"Sep 15, 2017",mother!,30000000,17800004,42531076,24731072,12531076,True
1959,60,"Oct 9, 2015",Steve Jobs,30000000,17766658,35579007,17812349,5579007,True
1960,61,"Jul 17, 2002",Eight Legged Freaks,30000000,17266505,36722311,19455806,6722311,True
1961,62,"Jul 19, 1996",Fled,30000000,17192205,19892205,2700000,-10107795,False
1962,63,"Jun 4, 2010",Splice,30000000,17010170,28542494,11532324,-1457506,False
1963,64,"Apr 18, 2008",88 Minutes,30000000,16930884,32955399,16024515,2955399,True
1964,65,"Apr 9, 2004",The Whole Ten Yards,30000000,16323969,26323969,10000000,-3676031,False
1965,66,"Aug 1, 1986",Howard the Duck,30000000,16295774,16295774,0,-13704226,False
1966,67,"Oct 24, 2008",Pride and Glory,30000000,15740721,43440721,27700000,13440721,True
1967,68,"Aug 26, 2005",The Cave,30000000,15007991,27147991,12140000,-2852009,False
1968,69,"Apr 30, 2004",Godsend,30000000,14334645,16910708,2576063,-13089292,False
1969,70,"Jun 20, 2003",Alex & Emma,30000000,14208384,15358583,1150199,-14641417,False
1970,71,"Sep 3, 2004",Wicker Park,30000000,13001257,21577076,8575819,-8422924,False
1971,72,"Dec 25, 2005",The New World,30000000,12712093,26184400,13472307,-3815600,False
1972,73,"Jun 29, 2007",Evening,30000000,12406646,12885574,478928,-17114426,False
1973,74,"Jan 18, 2013",The Last Stand,30000000,12050299,48330757,36280458,18330757,True
1974,75,"Jan 15, 1999",In Dreams,30000000,12017369,12017369,0,-17982631,False
1975,76,"Mar 12, 1999",Wing Commander,30000000,11578022,11578022,0,-18421978,False
1976,77,"Jan 12, 2001",Antitrust,30000000,10965209,17865209,6900000,-12134791,False
1977,78,"Mar 8, 2013",Dead Man Down,30000000,10895295,19599974,8704679,-10400026,False
1978,79,"Apr 29, 2011",Hoodwinked Too: Hood vs. Evil,30000000,10143779,23353111,13209332,-6646889,False
1979,80,"Apr 10, 2009",Dragonball Evolution,30000000,9362785,58228460,48865675,28228460,True
1980,81,"Sep 24, 2004",First Daughter,30000000,9055010,10419084,1364074,-19580916,False
1981,82,"Apr 14, 2017",The Lost City of Z,30000000,8574339,17121823,8547484,-12878177,False
1982,83,"Sep 9, 2005",An Unfinished Life,30000000,8535575,18535575,10000000,-11464425,False
1983,84,"Feb 3, 2017",The Space Between Us,30000000,7885294,16481405,8596111,-13518595,False
1984,85,"Dec 25, 2009",The Imaginarium of Doctor Parnassus,30000000,7689607,64352607,56663000,34352607,True
1985,86,"Jan 14, 2011",Barney's Version,30000000,7502560,8845575,1343015,-21154425,False
1986,87,"Sep 20, 2002",Trapped,30000000,6916869,6916869,0,-23083131,False
1987,88,"Aug 31, 2018",Kin,30000000,5718096,10096821,4378725,-19903179,False
1988,89,"Jun 1, 1984",Once Upon a Time in America,30000000,5321508,5575648,254140,-24424352,False
1989,90,"Sep 22, 2017",Stronger,30000000,4211129,8786752,4575623,-21213248,False
1990,91,"Jan 22, 1999",Gloria,30000000,4167493,4967493,800000,-25032507,False
1991,92,"Sep 21, 2007",The Assassination of Jesse James by the Coward Robert Ford,30000000,3909149,15313631,11404482,-14686369,False
1992,93,"Dec 29, 2004",The Merchant of Venice,30000000,3765585,18765585,15000000,-11234415,False
1993,94,"Apr 2, 2003",The Good Thief,30000000,3517797,6460758,2942961,-23539242,False
1994,95,"Aug 17, 2005",Supercross,30000000,3102550,3252550,150000,-26747450,False
1995,96,"Dec 29, 2006",Miss Potter,30000000,3005605,35891257,32885652,5891257,True
1996,97,"May 5, 2006",Wu ji,30000000,669625,35869934,35200309,5869934,True
1997,98,"Jun 14, 2019",Shaft,30000000,600000,600000,0,-29400000,False
1998,99,"Sep 23, 2011",Machine Gun Preacher,30000000,538690,3721988,3183298,-26278012,False
1999,100,"Feb 2, 2018",Bilal: A New Breed of Hero,30000000,490973,648599,157626,-29351401,False
2000,1,"Jun 15, 2007",DOA: Dead or Alive,30000000,480314,7755686,7275372,-22244314,False
2001,2,"Feb 19, 2010",Le Petit Nicolas,30000000,201857,52339566,52137709,22339566,True
2002,3,"Oct 7, 2011",Xinhai geming,30000000,135739,8593154,8457415,-21406846,False
2003,4,"Feb 21, 2008",Genghis Khan: To the Ends of the Earth and Sea,30000000,3892,4874498,4870606,-25125502,False
2004,5,"Jan 30, 2015",Wild Card,30000000,3200,4315789,4312589,-25684211,False
2005,6,"Jun 5, 2015",United Passions,30000000,918,168832,167914,-29831168,False
2006,7,"Dec 31, 2010",Konferenz der Tiere,30000000,0,53048539,53048539,23048539,True
2007,8,"Dec 1, 2015",Grace of Monaco,30000000,0,25199891,25199891,-4800109,False
2008,9,"Mar 8, 2016",Savva. Serdtse voyna,30000000,0,5015080,5015080,-24984920,False
2009,10,"Dec 14, 2007",Goodbye Bafana,30000000,0,2717302,2717302,-27282698,False
2010,11,"Dec 31, 2013",Space Pirate Captain Harlock,30000000,0,310985,310985,-29689015,False
2011,12,"Dec 31, 2003",Ripley's Game,30000000,0,0,0,-30000000,False
2012,13,"Feb 24, 2017",Collide,29200000,2280004,5466698,3186694,-23733302,False
2013,14,"May 15, 2015",Pitch Perfect 2,29000000,184296230,287625468,103329238,258625468,True
2014,15,"Nov 18, 2005",Walk the Line,29000000,119519402,187707495,68188093,158707495,True
2015,16,"Sep 28, 2018",Night School,29000000,77339130,103008792,25669662,74008792,True
2016,17,"Apr 8, 2016",The Boss,29000000,63077560,78652207,15574647,49652207,True
2017,18,"Dec 27, 1995",12 Monkeys,29000000,57141459,168841459,111700000,139841459,True
2018,19,"Sep 12, 2003",Once Upon a Time in Mexico,29000000,56330657,97413527,41082870,68413527,True
2019,20,"Apr 14, 2000",Keeping the Faith,29000000,37036404,45336404,8300000,16336404,True
2020,21,"Aug 18, 2017",Logan Lucky,29000000,27778642,44264271,16485629,15264271,True
2021,22,"Aug 12, 2016",Florence Foster Jenkins,29000000,27383770,56000339,28616569,27000339,True
2022,23,"Feb 13, 1998",The Borrowers,29000000,22619589,54045832,31426243,25045832,True
2023,24,"Dec 5, 2008",Frost/Nixon,29000000,18622031,28452945,9830914,-547055,False
2024,25,"Nov 12, 2004",Seed of Chucky,29000000,17016190,24716190,7700000,-4283810,False
2025,26,"Aug 23, 2002",Serving Sara,29000000,16930185,20146150,3215965,-8853850,False
2026,27,"Dec 31, 2002",Confessions of a Dangerous Mind,29000000,16007718,33013805,17006087,4013805,True
2027,28,"Aug 26, 2009",Taking Woodstock,29000000,7460204,10066366,2606162,-18933634,False
2028,29,"Nov 6, 1987",Cry Freedom,29000000,5899797,25899797,20000000,-3100203,False
2029,30,"Sep 30, 2019",Unhinged,29000000,0,0,0,-29000000,False
2030,31,"Sep 24, 1999",Mumford,28700000,4559569,4559569,0,-24140431,False
2031,32,"Mar 4, 2005",The Jacket,28500000,6301131,15452978,9151847,-13047022,False
2032,33,"Nov 11, 1992",Aladdin,28000000,217350219,504050219,286700000,476050219,True
2033,34,"May 23, 1984",Indiana Jones and the Temple of Doom,28000000,179880271,333080271,153200000,305080271,True
2034,35,"Aug 14, 2015",Straight Outta Compton,28000000,161197785,202182981,40985196,174182981,True
2035,36,"Jul 21, 2017",Girls Trip,28000000,115108515,140886353,25777838,112886353,True
2036,37,"Nov 20, 1998",The Rugrats Movie,28000000,100494685,140894685,40400000,112894685,True
2037,38,"Jul 15, 1988",Die Hard,28000000,81350242,139109346,57759104,111109346,True
2038,39,"Apr 6, 2001",Along Came a Spider,28000000,74058698,105159085,31100387,77159085,True
2039,40,"Nov 1, 2017",A Bad Moms Christmas,28000000,72110659,127710550,55599891,99710550,True
2040,41,"Feb 14, 2013",Safe Haven,28000000,71399120,94050951,22651831,66050951,True
2041,42,"Dec 11, 2015",The Big Short,28000000,70259870,133162752,62902882,105162752,True
2042,43,"Nov 7, 2008",Role Models,28000000,67300955,94500826,27199871,66500826,True
2043,44,"Oct 10, 2014","Alexander and the Terrible, Horrible, No Good, Very Bad Day",28000000,66954149,101379287,34425138,73379287,True
2044,45,"Feb 6, 2004",Miracle,28000000,64378093,64474705,96612,36474705,True
2045,46,"Jan 28, 2013",Last Vegas,28000000,63914167,112914167,49000000,84914167,True
2046,47,"Jan 26, 2001",The Wedding Planner,28000000,60400856,94728529,34327673,66728529,True
2047,48,"Mar 19, 2004",Dawn of the Dead,28000000,58990765,103452875,44462110,75452875,True
2048,49,"Jun 26, 1981",For Your Eyes Only,28000000,54800000,195300000,140500000,167300000,True
2049,50,"Jun 15, 2018",Tag,28000000,54730625,77026186,22295561,49026186,True
2050,51,"Dec 14, 2001",The Royal Tenenbaums,28000000,52353636,71430876,19077240,43430876,True
2051,52,"Apr 25, 2003",Identity,28000000,52131264,82183683,30052419,54183683,True
2052,53,"Oct 5, 2001",Serendipity,28000000,50255310,77477297,27221987,49477297,True
2053,54,"Apr 16, 2010",Kick-Ass,28000000,48071303,97531134,49459831,69531134,True
2054,55,"Sep 28, 2001",Zoolander,28000000,45172250,60780981,15608731,32780981,True
2055,56,"Sep 16, 1994",Timecop,28000000,44853581,102053581,57200000,74053581,True
2056,57,"Jul 27, 2007",No Reservations,28000000,43107979,91943956,48835977,63943956,True
2057,58,"Jul 16, 1993",Hocus Pocus,28000000,39360491,39360491,0,11360491,True
2058,59,"Nov 11, 2005",Pride & Prejudice,28000000,38372662,126549607,88176945,98549607,True
2059,60,"Aug 12, 2011",30 Minutes or Less,28000000,37053924,40966716,3912792,12966716,True
2060,61,"Dec 22, 2000",Dracula 2000,28000000,33000377,33000377,0,5000377,True
2061,62,"Jun 25, 1982",Blade Runner,28000000,32656328,39342912,6686584,11342912,True
2062,63,"Apr 7, 1995",Rob Roy,28000000,31390587,31390587,0,3390587,True
2063,64,"Feb 21, 2014",3 Days to Kill,28000000,30697999,38959900,8261901,10959900,True
2064,65,"Aug 16, 2013",Kick-Ass 2,28000000,28795985,63129909,34333924,35129909,True
2065,66,"Oct 12, 2007",We Own the Night,28000000,28563179,55307857,26744678,27307857,True
2066,67,"Sep 19, 2014",A Walk Among the Tombstones,28000000,26017685,62108587,36090902,34108587,True
2067,68,"Jan 15, 2010",The Spy Next Door,28000000,24307106,46752858,22445752,18752858,True
2068,69,"Apr 25, 2014",Brick Mansions,28000000,20396829,73421224,53024395,45421224,True
2069,70,"May 12, 2006",Just My Luck,28000000,17326650,38159905,20833255,10159905,True
2070,71,"Oct 13, 2000",Lost Souls,28000000,16779636,31320293,14540657,3320293,True
2071,72,"Aug 21, 2015",American Ultra,28000000,14439985,30295028,15855043,2295028,True
2072,73,"Apr 18, 2003",Winged Migration,28000000,11689053,39134983,27445930,11134983,True
2073,74,"Feb 5, 2016",Pride and Prejudice and Zombies,28000000,10907291,16638300,5731009,-11361700,False
2074,75,"Oct 1, 1999","Mystery, Alaska",28000000,8891623,8891623,0,-19108377,False
2075,76,"Aug 24, 2001",John Carpenterâs Ghosts of Mars,28000000,8434601,8434601,0,-19565399,False
2076,77,"Jul 11, 1997",A Simple Wish,28000000,8165213,8165213,0,-19834787,False
2077,78,"Oct 30, 2015",Our Brand is Crisis,28000000,7002261,8594558,1592297,-19405442,False
2078,79,"Dec 25, 1997",Kundun,28000000,5686694,5686694,0,-22313306,False
2079,80,"Oct 3, 2008",How to Lose Friends & Alienate People,28000000,2775593,12031443,9255850,-15968557,False
2080,81,"Dec 31, 2007",Alatriste,28000000,0,22860477,22860477,-5139523,False
2081,82,"Jun 1, 2007",Knocked Up,27500000,148761765,219265952,70504187,191765952,True
2082,83,"Jun 10, 1983",Octopussy,27500000,67900000,187500000,119600000,160000000,True
2083,84,"Jun 26, 2009",My Sister's Keeper,27500000,49200230,96673002,47472772,69173002,True
2084,85,"Feb 8, 2008",Welcome Home Roscoe Jenkins,27500000,42436517,43607627,1171110,16107627,True
2085,86,"Jan 13, 2012",Joyful Noise,27500000,30932113,31157914,225801,3657914,True
2086,87,"Dec 14, 1984",A Passage to India,27500000,27187653,27187653,0,-312347,False
2087,88,"Dec 25, 2006",Notes on a Scandal,27500000,17510118,50578411,33068293,23078411,True
2088,89,"Oct 19, 2007",Rendition,27500000,9736045,26939925,17203880,-560075,False
2089,90,"Oct 28, 2011",Anonymous,27500000,4463292,15815509,11352217,-11684491,False
2090,91,"Mar 18, 2011",Limitless,27000000,79249455,155564919,76315464,128564919,True
2091,92,"Dec 6, 1991",Star Trek VI: The Undiscovered Country,27000000,74888996,96900000,22011004,69900000,True
2092,93,"Jun 7, 2002",The Divine Secrets of the Ya-Ya Sisterhood,27000000,69586544,73826768,4240224,46826768,True
2093,94,"Oct 3, 1997",Kiss the Girls,27000000,60527873,60527873,0,33527873,True
2094,95,"Jun 20, 1980",The Blues Brothers,27000000,57229890,57229890,0,30229890,True
2095,96,"Dec 25, 1994",The Jungle Book,27000000,44342956,44342956,0,17342956,True
2096,97,"Aug 6, 2008",The Sisterhood of the Traveling Pants 2,27000000,44089964,44270131,180167,17270131,True
2097,98,"May 13, 2016",Money Monster,27000000,41012075,93466095,52454020,66466095,True
2098,99,"May 17, 2002",About a Boy,27000000,40803000,130759651,89956651,103759651,True
2099,100,"Aug 19, 2011",Spy Kids: All the Time in the World,27000000,38536376,80681183,42144807,53681183,True
2100,1,"Jul 16, 1999",Lake Placid,27000000,31770413,31770413,0,4770413,True
2101,2,"Apr 7, 2006",Lucky Number Slevin,27000000,22495466,55495466,33000000,28495466,True
2102,3,"Oct 21, 1983",The Right Stuff,27000000,21500000,21500000,0,-5500000,False
2103,4,"Jul 20, 1984",Die Unendliche Geschichte,27000000,21300000,21392049,92049,-5607951,False
2104,5,"Feb 27, 1998",Dark City,27000000,14435076,27257061,12821985,257061,True
2105,6,"Sep 19, 2008",The Duchess,27000000,13848978,45160110,31311132,18160110,True
2106,7,"Oct 1, 2010",Case 39,27000000,13261851,28773827,15511976,1773827,True
2107,8,"Jun 10, 2005",The Honeymooners,27000000,12834849,13174426,339577,-13825574,False
2108,9,"Jun 21, 1985",Return to Oz,27000000,10618813,10618813,0,-16381187,False
2109,10,"Mar 27, 1998",The Newton Boys,27000000,10341093,10341093,0,-16658907,False
2110,11,"Aug 27, 2004",Suspect Zero,27000000,8712564,8712564,0,-18287436,False
2111,12,"Nov 2, 2007",Martian Child,27000000,7500310,9352089,1851779,-17647911,False
2112,13,"Oct 18, 2002",Formula 51,27000000,5204007,5204007,0,-21795993,False
2113,14,"Nov 24, 1999",Flawless,27000000,4485485,4485485,0,-22514515,False
2114,15,"May 13, 2005",Mindhunters,27000000,4476235,16566235,12090000,-10433765,False
2115,16,"Oct 17, 2008",What Just Happened,27000000,1090947,2412123,1321176,-24587877,False
2116,17,"Dec 12, 2003",The Statement,27000000,765637,1545064,779427,-25454936,False
2117,18,"Dec 31, 2006",The Magic Flute,27000000,0,0,0,-27000000,False
2118,19,"Nov 23, 2016",Rules Donât Apply,26700000,3652206,3871448,219242,-22828552,False
2119,20,"Jan 16, 2009",Paul Blart: Mall Cop,26000000,146336178,185904750,39568572,159904750,True
2120,21,"Aug 6, 2003",Freaky Friday,26000000,110222438,160822438,50600000,134822438,True
2121,22,"Aug 19, 2005",The 40 Year-old Virgin,26000000,109449237,177344230,67894993,151344230,True
2122,23,"Dec 11, 1998",Shakespeare in Love,26000000,100317794,279500000,179182206,253500000,True
2123,24,"Dec 21, 1990",Kindergarten Cop,26000000,91457688,202000000,110542312,176000000,True
2124,25,"Aug 6, 2008",Pineapple Express,26000000,87341380,102404019,15062639,76404019,True
2125,26,"Dec 22, 1993",Philadelphia,26000000,77324422,201324422,124000000,175324422,True
2126,27,"Jul 31, 1998",Ever After: A Cinderella Story,26000000,65705772,65705772,0,39705772,True
2127,28,"Aug 10, 1990",Flatliners,26000000,61308153,61308153,0,35308153,True
2128,29,"Aug 15, 2003",Open Range,26000000,58331254,68613992,10282738,42613992,True
2129,30,"Aug 19, 2005",Red Eye,26000000,57891803,96666486,38774683,70666486,True
2130,31,"Dec 9, 2011",New Yearâs Eve,26000000,54544638,146850273,92305635,120850273,True
2131,32,"Jun 15, 1977",A Bridge Too Far,26000000,50800000,50800000,0,24800000,True
2132,33,"Apr 26, 2013",Pain & Gain,26000000,49875291,81275291,31400000,55275291,True
2133,34,"Jan 31, 2003",Final Destination 2,26000000,46896664,90396664,43500000,64396664,True
2134,35,"Dec 22, 2000","O Brother, Where Art Thou?",26000000,45506619,75763814,30257195,49763814,True
2135,36,"Dec 29, 2004",In Good Company,26000000,45489752,63489752,18000000,37489752,True
2136,37,"Jan 22, 2010",Legion,26000000,40168080,67647574,27479494,41647574,True
2137,38,"Aug 29, 2012",Lawless,26000000,37397291,54393687,16996396,28393687,True
2138,39,"Mar 29, 2002",Clockstoppers,26000000,36985501,38788828,1803327,12788828,True
2139,40,"Jul 10, 1985",Silverado,26000000,33200000,33200000,0,7200000,True
2140,41,"Dec 4, 2009",Brothers,26000000,28544157,45043870,16499713,19043870,True
2141,42,"Oct 17, 2014",The Best of Me,26000000,26766213,41059418,14293205,15059418,True
2142,43,"Mar 12, 2004",Agent Cody Banks 2: Destination London,26000000,23514247,28703083,5188836,2703083,True
2143,44,"Aug 3, 2001",Original Sin,26000000,16521410,16521410,0,-9478590,False
2144,45,"Apr 27, 2012",The Raven,26000000,16008272,30601801,14593529,4601801,True
2145,46,"Feb 20, 2004",Welcome to Mooseport,26000000,14469428,14469428,0,-11530572,False
2146,47,"Jan 27, 1995",Highlander: The Final Dimension,26000000,13738574,13738574,0,-12261426,False
2147,48,"Jul 10, 2015",Self/Less,26000000,12279691,33667319,21387628,7667319,True
2148,49,"Aug 24, 2001",The Curse of the Jade Scorpion,26000000,7496522,18496522,11000000,-7503478,False
2149,50,"Oct 18, 2013",The Fifth Estate,26000000,3254172,6154172,2900000,-19845828,False
2150,51,"Feb 21, 1997",Blood and Wine,26000000,1083350,1083350,0,-24916650,False
2151,52,"Mar 21, 2014",Blood Ties,26000000,42472,2923959,2881487,-23076041,False
2152,53,"Aug 24, 1997",The Grimm Brothers' Snow White,26000000,5000,5000,0,-25995000,False
2153,54,"Jun 30, 2015",Viy,26000000,0,34246770,34246770,8246770,True
2154,55,"Mar 17, 2015",Accidental Love,26000000,0,135436,135436,-25864564,False
2155,56,"Apr 24, 2015",The Face of an Angel,26000000,0,0,0,-26000000,False
2156,57,"May 17, 1996",Flipper,25530000,20080020,30593313,10513293,5063313,True
2157,58,"Aug 31, 2005",The Constant Gardener,25500000,33579798,86301599,52721801,60801599,True
2158,59,"Oct 17, 2008",W.,25100000,25534493,28575778,3041285,3475778,True
2159,60,"Feb 25, 2004",The Passion of the Christ,25000000,370782930,622341924,251558994,597341924,True
2160,61,"Nov 24, 1993",Mrs. Doubtfire,25000000,219195051,441286003,222090952,416286003,True
2161,62,"Dec 16, 1988",Rain Man,25000000,172825435,412800000,239974565,387800000,True
2162,63,"Aug 10, 2011",The Help,25000000,169705587,213120004,43414417,188120004,True
2163,64,"Dec 25, 2016",Hidden Figures,25000000,169607287,231771716,62164429,206771716,True
2164,65,"Dec 12, 2008",Gran Torino,25000000,148095302,274543085,126447783,249543085,True
2165,66,"Jan 30, 2009",Taken,25000000,145000989,226941585,81940596,201941585,True
2166,67,"Jan 17, 2014",Ride Along,25000000,134202565,153733800,19531235,128733800,True
2167,68,"Nov 25, 1992",The Bodyguard,25000000,121945720,410899039,288953319,385899039,True
2168,69,"Dec 15, 1993",Schindlerâs List,25000000,96898818,322197132,225298314,297197132,True
2169,70,"Jul 2, 2003","Legally Blonde 2: Red, White & Blonde",25000000,90639088,125339088,34700000,100339088,True
2170,71,"Mar 26, 2004",Scooby-Doo 2: Monsters Unleashed,25000000,84185387,181185387,97000000,156185387,True
2171,72,"Jul 9, 2004",Anchorman: The Legend of Ron Burgundy,25000000,84136909,89476265,5339356,64476265,True
2172,73,"Aug 15, 2003",Freddy vs. Jason,25000000,82622655,114576403,31953748,89576403,True
2173,74,"Feb 16, 2007",Bridge to Terabithia,25000000,82234139,137984788,55750649,112984788,True
2174,75,"Dec 21, 2001",Jimmy Neutron: Boy Genius,25000000,80936232,102992536,22056304,77992536,True
2175,76,"Jan 18, 2008",Cloverfield,25000000,80048433,171302226,91253793,146302226,True
2176,77,"Feb 5, 2010",Dear John,25000000,80014842,142033509,62018667,117033509,True
2177,78,"Mar 22, 1991",Teenage Mutant Ninja Turtles II: The Secret of the Ooze,25000000,78656813,78656813,0,53656813,True
2178,79,"Dec 25, 2012",Parental Guidance,25000000,77267296,120832383,43565087,95832383,True
2179,80,"Jun 3, 1987",The Untouchables,25000000,76270454,76270454,0,51270454,True
2180,81,"Nov 9, 2007",No Country for Old Men,25000000,74273505,164035753,89762248,139035753,True
2181,82,"Apr 13, 2001",Bridget Jones's Diary,25000000,71500556,281527158,210026602,256527158,True
2182,83,"Dec 15, 2000",Chocolat,25000000,71309760,152500343,81190583,127500343,True
2183,84,"Jan 21, 2011",No Strings Attached,25000000,70662220,149228078,78565858,124228078,True
2184,85,"Jan 13, 2012",Contraband,25000000,66528000,98406855,31878855,73406855,True
2185,86,"Jan 27, 2017",A Dogâs Purpose,25000000,64321890,203671625,139349735,178671625,True
2186,87,"Apr 20, 2012",The Lucky One,25000000,60457138,96633833,36176695,71633833,True
2187,88,"Dec 25, 1993",Tombstone,25000000,56505065,56505065,0,31505065,True
2188,89,"Mar 22, 2000",Romeo Must Die,25000000,55973336,91036760,35063424,66036760,True
2189,90,"Jun 6, 2006",The Omen,25000000,54607383,119295584,64688201,94295584,True
2190,91,"Feb 10, 2006",Final Destination 3,25000000,54098051,112798051,58700000,87798051,True
2191,92,"Apr 22, 2011",Madea's Big Happy Family,25000000,53345287,54160818,815531,29160818,True
2192,93,"Dec 13, 2013",Tyler Perry's A Madea Christmas,25000000,52543354,52543354,0,27543354,True
2193,94,"Nov 12, 2004",Finding Neverland,25000000,51676606,115036108,63359502,90036108,True
2194,95,"Jan 27, 2012",The Grey,25000000,51580136,81249176,29669040,56249176,True
2195,96,"Jan 28, 2005",Hide and Seek,25000000,51100486,123696741,72596255,98696741,True
2196,97,"May 23, 1986",Cobra,25000000,49042224,49042224,0,24042224,True
2197,98,"Aug 22, 2008",The House Bunny,25000000,48237389,71390601,23153212,46390601,True
2198,99,"Mar 14, 2003",Agent Cody Banks,25000000,47545060,58240458,10695398,33240458,True
2199,100,"Jan 27, 2006",Nanny McPhee,25000000,47279279,128745578,81466299,103745578,True
2200,1,"Sep 19, 1990",Goodfellas,25000000,46743809,46777347,33538,21777347,True
2201,2,"Aug 15, 2014",The Giver,25000000,45090374,66540205,21449831,41540205,True
2202,3,"Dec 9, 1983",Scarface,25000000,44942821,44942821,0,19942821,True
2203,4,"Jul 18, 1997",Nothing To Lose,25000000,44480039,64594061,20114022,39594061,True
2204,5,"Nov 20, 1987",The Last Emperor,25000000,43984987,44005073,20086,19005073,True
2205,6,"Nov 20, 2015",The Night Before,25000000,43035725,52427346,9391621,27427346,True
2206,7,"Oct 15, 1993",The Beverly Hillbillies,25000000,42222647,55598481,13375834,30598481,True
2207,8,"Dec 27, 2002",The Hours,25000000,41675994,97030468,55354474,72030468,True
2208,9,"Aug 22, 1997",Money Talks,25000000,41076865,41076865,0,16076865,True
2209,10,"Dec 26, 2007",There Will Be Blood,25000000,40222514,77208711,36986197,52208711,True
2210,11,"Dec 20, 2002",The Wild Thornberrys Movie,25000000,40108697,60694737,20586040,35694737,True
2211,12,"Jun 13, 2003",Rugrats Go Wild,25000000,39402572,55443032,16040460,30443032,True
2212,13,"Jun 1, 2005",The Sisterhood of the Traveling Pants,25000000,39053061,41560117,2507056,16560117,True
2213,14,"May 31, 2002",Undercover Brother,25000000,38230435,40796145,2565710,15796145,True
2214,15,"Dec 25, 2013",August: Osage County,25000000,37738810,50738810,13000000,25738810,True
2215,16,"Jul 6, 2001",Kiss of the Dragon,25000000,36833473,36833473,0,11833473,True
2216,17,"May 16, 2014",Million Dollar Arm,25000000,36447959,39217912,2769953,14217912,True
2217,18,"Jan 1, 2004",Beauty Shop,25000000,36351350,38351350,2000000,13351350,True
2218,19,"Apr 4, 2003",What a Girl Wants,25000000,35990505,35990505,0,10990505,True
2219,20,"Aug 29, 2003",Jeepers Creepers II,25000000,35623801,119923801,84300000,94923801,True
2220,21,"Sep 7, 2018",Peppermint,25000000,35418723,51800758,16382035,26800758,True
2221,22,"Sep 21, 2007",Good Luck Chuck,25000000,35017297,59183821,24166524,34183821,True
2222,23,"Feb 28, 2003",Cradle 2 the Grave,25000000,34657731,56434942,21777211,31434942,True
2223,24,"Mar 17, 2006",She's the Man,25000000,33889159,55279608,21390449,30279608,True
2224,25,"Dec 10, 2014",The Gambler,25000000,33680992,38718031,5037039,13718031,True
2225,26,"Aug 24, 2007",Mr. Beanâs Holiday,25000000,33302167,234981342,201679175,209981342,True
2226,27,"Apr 29, 2016",Motherâs Day,25000000,32492859,52367022,19874163,27367022,True
2227,28,"Oct 16, 1998",Bride of Chucky,25000000,32404188,50692188,18288000,25692188,True
2228,29,"Feb 17, 2017",Fist Fight,25000000,32187017,40286416,8099399,15286416,True
2229,30,"Nov 21, 2007",August Rush,25000000,31664162,65882103,34217941,40882103,True
2230,31,"Aug 27, 2004",Anacondas: The Hunt for the Blood Orchid,25000000,31526393,70326393,38800000,45326393,True
2231,32,"Dec 9, 2011",The Sitter,25000000,30542576,38749404,8206828,13749404,True
2232,33,"Nov 6, 1998",Elizabeth,25000000,30082699,82150642,52067943,57150642,True
2233,34,"Sep 23, 1970","Tora, Tora, Tora",25000000,29548291,29548291,0,4548291,True
2234,35,"Jan 23, 1998",Spice World,25000000,29342592,56042592,26700000,31042592,True
2235,36,"Apr 11, 2014",Draft Day,25000000,28842237,29847480,1005243,4847480,True
2236,37,"Sep 23, 1994",The Shawshank Redemption,25000000,28241469,28307092,65623,3307092,True
2237,38,"Feb 3, 2017",Rings,25000000,27793018,82917283,55124265,57917283,True
2238,39,"May 22, 2009",Dance Flick,25000000,25794018,32224624,6430606,7224624,True
2239,40,"Apr 20, 2001",Crocodile Dundee in Los Angeles,25000000,25590119,39393111,13802992,14393111,True
2240,41,"Jul 26, 1996",Kingpin,25000000,25023424,32223424,7200000,7223424,True
2241,42,"Mar 18, 2005",Ice Princess,25000000,24381334,25732334,1351000,732334,True
2242,43,"Aug 26, 2011",Don't Be Afraid of the Dark,25000000,24046682,39126427,15079745,14126427,True
2243,44,"Apr 23, 2010",The Losers,25000000,23591432,29863840,6272408,4863840,True
2244,45,"Apr 24, 2009",Fighting,25000000,23091010,32831707,9740697,7831707,True
2245,46,"Aug 24, 2007",War,25000000,22486409,40686409,18200000,15686409,True
2246,47,"Apr 7, 1995",Don Juan DeMarco,25000000,22032635,22032635,0,-2967365,False
2247,48,"Apr 22, 2005",A Lot Like Love,25000000,21835784,41921590,20085806,16921590,True
2248,49,"May 1, 1998",He Got Game,25000000,21567853,22411948,844095,-2588052,False
2249,50,"Feb 11, 2011",The Eagle,25000000,19490041,38993548,19503507,13993548,True
2250,51,"Aug 5, 2015",Shaun the Sheep,25000000,19375982,101925161,82549179,76925161,True
2251,52,"Sep 2, 2011",Shark Night 3D,25000000,18877153,18877153,0,-6122847,False
2252,53,"Mar 24, 2017",CHiPS,25000000,18600152,23190292,4590140,-1809708,False
2253,54,"Oct 11, 2002",Punch-Drunk Love,25000000,17791031,24591031,6800000,-408969,False
2254,55,"Feb 20, 2004",Eurotrip,25000000,17718223,20718223,3000000,-4281777,False
2255,56,"Dec 22, 2017",Father Figures,25000000,17501244,21038441,3537197,-3961559,False
2256,57,"Apr 4, 2008",The Ruins,25000000,17432844,22910563,5477719,-2089437,False
2257,58,"Oct 25, 2013",The Counselor,25000000,16973715,71009334,54035619,46009334,True
2258,59,"Dec 8, 2006",Unaccompanied Minors,25000000,16655224,21970831,5315607,-3029169,False
2259,60,"Dec 7, 2018",Mary Queen of Scots,25000000,16468499,46734733,30266234,21734733,True
2260,61,"Apr 1, 1988","Bright Lights, Big City",25000000,16118077,16118077,0,-8881923,False
2261,62,"Nov 15, 2002",Half Past Dead,25000000,15567860,19233280,3665420,-5766720,False
2262,63,"Apr 18, 1986",Legend,25000000,15502112,23506237,8004125,-1493763,False
2263,64,"Jul 26, 1996",The Adventures of Pinocchio,25000000,15382170,36682170,21300000,11682170,True
2264,65,"Sep 30, 2005",The Greatest Game Ever Played,25000000,15331289,15468266,136977,-9531734,False
2265,66,"Nov 6, 2009",The Box,25000000,15051977,34356760,19304783,9356760,True
2266,67,"Mar 3, 2000",The Next Best Thing,25000000,14983572,24355762,9372190,-644238,False
2267,68,"Oct 8, 2010",My Soul to Take,25000000,14744435,16727470,1983035,-8272530,False
2268,69,"Apr 9, 2004",The Girl Next Door,25000000,14589444,31635150,17045706,6635150,True
2269,70,"Aug 15, 2008",Fly Me To the Moon,25000000,14543943,43530281,28986338,18530281,True
2270,71,"Sep 13, 1996",Maximum Risk,25000000,14102929,51702929,37600000,26702929,True
2271,72,"Sep 13, 2002",Stealing Harvard,25000000,13973532,13973532,0,-11026468,False
2272,73,"Aug 3, 2007",Hot Rod,25000000,13938332,14334401,396069,-10665599,False
2273,74,"Sep 9, 2011",Warrior,25000000,13657115,24215385,10558270,-784615,False
2274,75,"Dec 24, 1999",Angela's Ashes,25000000,13038660,13038660,0,-11961340,False
2275,76,"Sep 22, 2017",Battle of the Sexes,25000000,12638526,18445379,5806853,-6554621,False
2276,77,"Dec 21, 2012",Cirque du Soleil: Worlds Away,25000000,12512862,28012862,15500000,3012862,True
2277,78,"Nov 13, 2015",The 33,25000000,12227722,28400715,16172993,3400715,True
2278,79,"Jun 21, 1985",Lifeforce,25000000,11603545,11603545,0,-13396455,False
2279,80,"Apr 15, 2011",The Conspirator,25000000,11538204,15907411,4369207,-9092589,False
2280,81,"Jul 3, 2002",The Powerpuff Girls,25000000,11411644,16425701,5014057,-8574299,False
2281,82,"Jun 3, 2005",The Lords of Dogtown,25000000,11273517,13424365,2150848,-11575635,False
2282,83,"Jul 1, 1986",Big Trouble in Little China,25000000,11100000,11100000,0,-13900000,False
2283,84,"Oct 11, 1996",Michael Collins,25000000,11092559,27572844,16480285,2572844,True
2284,85,"Mar 28, 2008",Stop-Loss,25000000,10915744,11229035,313291,-13770965,False
2285,86,"Oct 8, 1993",Gettysburg,25000000,10731997,10731997,0,-14268003,False
2286,87,"Oct 18, 2002",Abandon,25000000,10719367,12219367,1500000,-12780633,False
2287,88,"Sep 16, 2011",Straw Dogs,25000000,10324441,11253821,929380,-13746179,False
2288,89,"Aug 13, 1999",Brokedown Palace,25000000,10115014,11115766,1000752,-13884234,False
2289,90,"Aug 16, 2002",Possession,25000000,10103647,14805812,4702165,-10194188,False
2290,91,"Apr 19, 1996",Mrs. Winterbourne,25000000,10039566,10039566,0,-14960434,False
2291,92,"May 17, 1991",Stone Cold,25000000,9286314,9286314,0,-15713686,False
2292,93,"Jan 25, 2019",Serenity,25000000,8547045,11367029,2819984,-13632971,False
2293,94,"Nov 25, 2009",The Road,25000000,8114270,29206732,21092462,4206732,True
2294,95,"Oct 12, 2018",Beautiful Boy,25000000,7634767,13031424,5396657,-11968576,False
2295,96,"Apr 6, 2007",The Hoax,25000000,7164995,7164995,0,-17835005,False
2296,97,"Mar 15, 2019",Captive State,25000000,5958315,8993300,3034985,-16006700,False
2297,98,"Aug 17, 1984",Sheena,25000000,5778353,5778353,0,-19221647,False
2298,99,"Sep 2, 2005",Underclassman,25000000,5654777,5654777,0,-19345223,False
2299,100,"Mar 23, 2001",Say It Isn't So,25000000,5516708,5516708,0,-19483292,False
2300,1,"Dec 7, 2005",The World's Fastest Indian,25000000,5128124,18991288,13863164,-6008712,False
2301,2,"Apr 25, 2008",Deception,25000000,4598506,12850033,8251527,-12149967,False
2302,3,"Mar 1, 1995",Tank Girl,25000000,4064333,4064333,0,-20935667,False
2303,4,"Apr 22, 2005",King's Ransom,25000000,4008527,4049527,41000,-20950473,False
2304,5,"Oct 3, 2008",Blindness,25000000,3073392,20052958,16979566,-4947042,False
2305,6,"Apr 13, 2018",Sgt. Stubby: An American Hero,25000000,3054285,3645957,591672,-21354043,False
2306,7,"Dec 16, 2011",Carnage,25000000,2546747,38112154,35565407,13112154,True
2307,8,"Sep 1, 2017",Tulip Fever,25000000,2455635,6792768,4337133,-18207232,False
2308,9,"Jan 6, 2006",BloodRayne,25000000,2405420,3711633,1306213,-21288367,False
2309,10,"Nov 20, 2015",Legend,25000000,1872994,42425450,40552456,17425450,True
2310,11,"Nov 20, 2009",Bad Lieutenant: Port of Call New Orleans,25000000,1702112,12413949,10711837,-12586051,False
2311,12,"Jan 29, 2016",Jane Got a Gun,25000000,1513793,3771345,2257552,-21228655,False
2312,13,"Nov 25, 2009",Me and Orson Welles,25000000,1190003,1190003,0,-23809997,False
2313,14,"Sep 16, 2005",Venom,25000000,881745,881745,0,-24118255,False
2314,15,"Oct 14, 2005",Where the Truth Lies,25000000,872142,1415656,543514,-23584344,False
2315,16,"Sep 11, 1998",Without Limits,25000000,780326,780326,0,-24219674,False
2316,17,"Mar 22, 2013",On the Road,25000000,720828,9313302,8592474,-15686698,False
2317,18,"Aug 24, 2012",Les petits mouchoirs,25000000,205505,48530887,48325382,23530887,True
2318,19,"Jun 30, 2010",Love Ranch,25000000,137885,146149,8264,-24853851,False
2319,20,"Apr 24, 2015",Yi ge ren de wu lin,25000000,129115,129115,0,-24870885,False
2320,21,"Dec 31, 2010",Sammy's avonturen: De geheime doorgang,25000000,0,71594792,71594792,46594792,True
2321,22,"Dec 31, 2010",Belka i Strelka. Zvezdnye sobaki,25000000,0,9445081,9445081,-15554919,False
2322,23,"Dec 31, 2017",Matilda,25000000,0,9370285,9370285,-15629715,False
2323,24,"Oct 4, 2011",La vÃ©ritable histoire du Chat BottÃ©,25000000,0,8208594,8208594,-16791406,False
2324,25,"Jul 8, 2011",Ironclad,25000000,0,5297411,5297411,-19702589,False
2325,26,"May 10, 2019",The Professor and the Madman,25000000,0,5227233,5227233,-19772767,False
2326,27,"Mar 10, 2015",Red Sky,25000000,0,91116,91116,-24908884,False
2327,28,"Jan 1, 1970",Waterloo,25000000,0,0,0,-25000000,False
2328,29,"Jan 10, 2014",The Adventurer: The Curse of the Midas Box,25000000,0,0,0,-25000000,False
2329,30,"Dec 31, 2019",Reagan,25000000,0,0,0,-25000000,False
2330,31,"Nov 9, 2012",Dangerous Liaisons,24200000,17000,10447579,10430579,-13752421,False
2331,32,"Nov 26, 1986",Star Trek IV: The Voyage Home,24000000,109713132,133000000,23286868,109000000,True
2332,33,"Dec 12, 1997",Scream 2,24000000,101363301,172363301,71000000,148363301,True
2333,34,"Feb 21, 2003",Old School,24000000,75155000,86765463,11610463,62765463,True
2334,35,"Dec 20, 2006",Rocky Balboa,24000000,70269899,156229050,85959151,132229050,True
2335,36,"Jun 20, 2014",Think Like a Man Too,24000000,65028687,70027933,4999246,46027933,True
2336,37,"Dec 16, 2016",Fences,24000000,57682904,64282881,6599977,40282881,True
2337,38,"Feb 18, 2000",The Whole Nine Yards,24000000,57262492,85527867,28265375,61527867,True
2338,39,"Oct 14, 2011",Footloose,24000000,51802742,62989834,11187092,38989834,True
2339,40,"Apr 7, 2017",Going in Style,24000000,45018541,78672579,33654038,54672579,True
2340,41,"Jul 12, 1991",Point Break,24000000,43218387,83531958,40313571,59531958,True
2341,42,"Sep 20, 1991",The Fisher King,24000000,41798224,41798224,0,17798224,True
2342,43,"Nov 13, 1998",I Still Know What You Did Last Summer,24000000,40020622,40020622,0,16020622,True
2343,44,"Nov 21, 2007",Hitman,24000000,39687694,99135571,59447877,75135571,True
2344,45,"Dec 16, 1969","Hello, Dolly",24000000,33208099,33208099,0,9208099,True
2345,46,"Apr 7, 2000",Return to Me,24000000,32662299,32662299,0,8662299,True
2346,47,"Nov 6, 2009",The Men Who Stare at Goats,24000000,32428195,67348218,34920023,43348218,True
2347,48,"Oct 31, 2008",Zack and Miri Make a Porno,24000000,31457946,36856306,5398360,12856306,True
2348,49,"Jan 12, 2001",Double Take,24000000,29823162,29823162,0,5823162,True
2349,50,"Dec 21, 1999","Girl, Interrupted",24000000,28871190,28871190,0,4871190,True
2350,51,"Sep 8, 2000",Nurse Betty,24000000,25170054,27732366,2562312,3732366,True
2351,52,"Aug 20, 2010",Piranha 3D,24000000,25003155,83660160,58657005,59660160,True
2352,53,"Nov 24, 2010",Faster,24000000,23240020,35792945,12552925,11792945,True
2353,54,"Oct 24, 1978",The Wiz,24000000,22000000,22000000,0,-2000000,False
2354,55,"Jan 23, 2004",Win a Date with Tad Hamilton!,24000000,16980098,16980098,0,-7019902,False
2355,56,"Jul 14, 1999",Muppets From Space,24000000,16304786,16304786,0,-7695214,False
2356,57,"Apr 7, 2000",Ready to Rumble,24000000,12372410,12372410,0,-11627590,False
2357,58,"Sep 16, 2011",I Don't Know How She Does It,24000000,9659074,24474463,14815389,474463,True
2358,59,"Dec 24, 1999",Play it to the Bone,24000000,8427204,8427204,0,-15572796,False
2359,60,"Dec 20, 2013",Dhoom 3,24000000,8031955,11723620,3691665,-12276380,False
2360,61,"Dec 17, 2004",Beyond the Sea,24000000,6144806,8292914,2148108,-15707086,False
2361,62,"Jun 10, 2005",Hauru no ugoku shiro,24000000,4710455,237814327,233103872,213814327,True
2362,63,"Mar 27, 1998",Meet the Deedles,24000000,4356126,4356126,0,-19643874,False
2363,64,"Aug 25, 1995",The Thief and the Cobbler,24000000,669276,669276,0,-23330724,False
2364,65,"Jun 10, 2005",The Bridge of San Luis Rey,24000000,49981,1696765,1646784,-22303235,False
2365,66,"Dec 31, 2007",Flood,24000000,0,4084232,4084232,-19915768,False
2366,67,"Oct 2, 2009",Zombieland,23600000,75590286,102236596,26646310,78636596,True
2367,68,"May 21, 1980",Star Wars Ep. V: The Empire Strikes Back,23000000,290271960,534161334,243889374,511161334,True
2368,69,"Nov 6, 1998",The Waterboy,23000000,161491646,190191646,28700000,167191646,True
2369,70,"Jun 28, 1991",The Naked Gun 2Â½: The Smell of Fear,23000000,86930411,86930411,0,63930411,True
2370,71,"Nov 16, 2018",Green Book,23000000,85080171,322034439,236954268,299034439,True
2371,72,"Apr 7, 1995",Bad Boys,23000000,65647413,141247413,75600000,118247413,True
2372,73,"Jan 16, 2015",The Wedding Ringer,23000000,64460211,80171596,15711385,57171596,True
2373,74,"Mar 17, 2000",Final Destination,23000000,53302314,112036870,58734556,89036870,True
2374,75,"Dec 17, 1976",King Kong,23000000,52614445,90614445,38000000,67614445,True
2375,76,"Oct 7, 2011",The Ides of March,23000000,40962534,77735925,36773391,54735925,True
2376,77,"Feb 18, 2000",Pitch Black,23000000,39235088,53182088,13947000,30182088,True
2377,78,"Oct 5, 2018",The Hate U Give,23000000,29719483,35067665,5348182,12067665,True
2378,79,"Mar 30, 2001",Someone Like You,23000000,27338033,38684906,11346873,15684906,True
2379,80,"Jan 10, 2014",Her,23000000,25568251,48163815,22595564,25163815,True
2380,81,"Oct 5, 2001",Joy Ride,23000000,21973182,21973182,0,-1026818,False
2381,82,"Feb 17, 2012",Kari gurashi no Arietti,23000000,19192510,151496097,132303587,128496097,True
2382,83,"Jan 20, 2012",Haywire,23000000,18942396,36374700,17432304,13374700,True
2383,84,"Nov 12, 1999",Anywhere But Here,23000000,18653615,18653615,0,-4346385,False
2384,85,"Sep 1, 2004",Vanity Fair,23000000,16123851,19123851,3000000,-3876149,False
2385,86,"Feb 26, 2016",Eddie the Eagle,23000000,15789389,45060480,29271091,22060480,True
2386,87,"Jul 17, 1987",Jaws 4: The Revenge,23000000,15728335,15728335,0,-7271665,False
2387,88,"Aug 25, 2000",The Crew,23000000,13019253,13019253,0,-9980747,False
2388,89,"Dec 20, 1996",Marvin's Room,23000000,12803305,12803305,0,-10196695,False
2389,90,"Jan 9, 2004",Chasing Liberty,23000000,12189514,12291975,102461,-10708025,False
2390,91,"Aug 22, 2008",The Longshots,23000000,11511323,11778396,267073,-11221604,False
2391,92,"Dec 3, 1999",The End of the Affair,23000000,10660147,10660147,0,-12339853,False
2392,93,"Aug 23, 1991",Harley Davidson and the Marlboro Man,23000000,7018525,7018525,0,-15981475,False
2393,94,"Sep 14, 2007",In the Valley of Elah,23000000,6777741,24489150,17711409,1489150,True
2394,95,"Sep 25, 2009",Coco avant Chanel,23000000,6113834,50813834,44700000,27813834,True
2395,96,"Jun 26, 2009",ChÃ©ri,23000000,2715657,2715657,0,-20284343,False
2396,97,"Jun 28, 2013",Redemption,23000000,36686,13593473,13556787,-9406527,False
2397,98,"Apr 25, 2008",Rogue,23000000,10452,4673377,4662925,-18326623,False
2398,99,"May 5, 2017",ChÄi dÃ n zhuÄnjiÄ,23000000,0,58807172,58807172,35807172,True
2399,100,"Mar 15, 2011",Shi Yue Wei Cheng,23000000,0,44195779,44195779,21195779,True
2400,1,"Jun 24, 1987",Spaceballs,22700000,38119483,38119483,0,15419483,True
2401,2,"Jun 22, 2007",1408,22500000,71985628,131263370,59277742,108763370,True
2402,3,"Nov 18, 2016",Nocturnal Animals,22500000,10663357,32398681,21735324,9898681,True
2403,4,"Apr 24, 2015",The Water Diviner,22500000,4200117,31054727,26854610,8554727,True
2404,5,"Jul 13, 1990",Ghost,22000000,217631306,517600000,299968694,495600000,True
2405,6,"Jul 15, 1998",There's Something About Mary,22000000,176484651,369884651,193400000,347884651,True
2406,7,"Nov 11, 1994",The Santa Clause,22000000,144833357,189800000,44966643,167800000,True
2407,8,"Sep 28, 2007",The Game Plan,22000000,90648202,146590987,55942785,124590987,True
2408,9,"Mar 29, 2002",The Rookie,22000000,75600072,80491516,4891444,58491516,True
2409,10,"Jun 2, 1995",The Bridges of Madison County,22000000,71516617,175516617,104000000,153516617,True
2410,11,"Feb 28, 2014",Son of God,22000000,59700064,70949793,11249729,48949793,True
2411,12,"Jun 1, 2001",The Animal,22000000,55762229,55762229,0,33762229,True
2412,13,"Aug 8, 2014",The Hundred-Foot Journey,22000000,54235441,94270488,40035047,72270488,True
2413,14,"Dec 8, 1982",Gandhi,22000000,52767889,127767889,75000000,105767889,True
2414,15,"Sep 19, 2003",Underworld,22000000,51970690,95708457,43737767,73708457,True
2415,16,"Jul 28, 1995",The Net,22000000,50621733,110521733,59900000,88521733,True
2416,17,"Aug 3, 2012",Diary of a Wimpy Kid: Dog Days,22000000,49008662,77229695,28221033,55229695,True
2417,18,"Dec 28, 2001",I Am Sam,22000000,40270895,92542418,52271523,70542418,True
2418,19,"Nov 11, 2005",Derailed,22000000,36020063,57520063,21500000,35520063,True
2419,20,"Sep 18, 2009",The Informant!,22000000,33316821,41771168,8454347,19771168,True
2420,21,"Nov 22, 2013",Delivery Man,22000000,30659817,70536870,39877053,48536870,True
2421,22,"Feb 5, 2016","Hail, Caesar!",22000000,30080225,64160680,34080455,42160680,True
2422,23,"Aug 24, 2001",Jay and Silent Bob Strike Back,22000000,30059386,33762400,3703014,11762400,True
2423,24,"Dec 29, 1993",Shadowlands,22000000,25842377,25842377,0,3842377,True
2424,25,"Aug 27, 2008",Traitor,22000000,23530831,27882226,4351395,5882226,True
2425,26,"Aug 12, 2005",Deuce Bigalow: European Gigolo,22000000,22400154,45273464,22873310,23273464,True
2426,27,"May 19, 2017",Diary of a Wimpy Kid: The Long Haul,22000000,20738724,35609577,14870853,13609577,True
2427,28,"Jan 18, 2008",Mad Money,22000000,20668843,25044057,4375214,3044057,True
2428,29,"Nov 27, 2013",Homefront,22000000,20158492,51695362,31536870,29695362,True
2429,30,"Sep 19, 2008",Igor,22000000,19528602,31013349,11484747,9013349,True
2430,31,"Feb 9, 2001",Saving Silverman,22000000,19351569,25873142,6521573,3873142,True
2431,32,"Jul 2, 1999",Summer of Sam,22000000,19288130,19288130,0,-2711870,False
2432,33,"Sep 14, 2001",The Glass House,22000000,17951431,22861785,4910354,861785,True
2433,34,"Sep 4, 2015",The Transporter Refueled,22000000,16029670,69698495,53668825,47698495,True
2434,35,"Jun 13, 1980",The Island,22000000,15716828,15716828,0,-6283172,False
2435,36,"Apr 11, 2001",Josie and the Pussycats,22000000,14252830,14252830,0,-7747170,False
2436,37,"Aug 22, 2012",Hit & Run,22000000,13749300,17216955,3467655,-4783045,False
2437,38,"Oct 27, 2000",The Little Vampire,22000000,13555988,13555988,0,-8444012,False
2438,39,"Oct 1, 2004",I Heart Huckabees,22000000,12784713,20034713,7250000,-1965287,False
2439,40,"Nov 17, 2017","Roman J. Israel, Esq.",22000000,11962712,12967012,1004300,-9032988,False
2440,41,"Dec 4, 2013",Out of the Furnace,22000000,11330849,15434375,4103526,-6565625,False
2441,42,"Nov 5, 1993",RoboCop 3,22000000,10696210,10696210,0,-11303790,False
2442,43,"Aug 27, 1999",Dudley Do-Right,22000000,9818792,9818792,0,-12181208,False
2443,44,"Dec 8, 2017",Just Getting Started,22000000,6069605,6756412,686807,-15243588,False
2444,45,"Sep 21, 2001",Megiddo: Omega Code 2,22000000,6047691,6047691,0,-15952309,False
2445,46,"Jan 1, 1970",Darling Lili,22000000,5000000,5000000,0,-17000000,False
2446,47,"Nov 23, 2005",The Libertine,22000000,4835065,9448623,4613558,-12551377,False
2447,48,"Apr 6, 2007",Zwartboek,22000000,4398532,27238354,22839822,5238354,True
2448,49,"Oct 31, 2014",Before I Go to Sleep,22000000,3242457,19563579,16321122,-2436421,False
2449,50,"Oct 8, 2010",Stone,22000000,1810078,4065020,2254942,-17934980,False
2450,51,"Mar 3, 2006",Joyeux NoÃ«l,22000000,1054361,23134075,22079714,1134075,True
2451,52,"Dec 31, 2013",Metegol,22000000,0,34061097,34061097,12061097,True
2452,53,"Jun 24, 1977",Sorcerer,21600000,12000000,12005968,5968,-9594032,False
2453,54,"Jul 27, 2007",MoliÃ¨re,21600000,635733,791154,155421,-20808846,False
2454,55,"Oct 5, 2007",Michael Clayton,21500000,49033882,92987651,43953769,71487651,True
2455,56,"Jul 9, 1999",Arlington Road,21500000,24419219,24419219,0,2919219,True
2456,57,"Dec 20, 1996",My Fellow Americans,21500000,22331846,22331846,0,831846,True
2457,58,"Jun 22, 2012",To Rome with Love,21500000,16684352,74326015,57641663,52826015,True
2458,59,"Nov 16, 2012",Silver Linings Playbook,21000000,132092958,236412453,104319495,215412453,True
2459,60,"Apr 6, 2018",Blockers,21000000,60311495,94045328,33733833,73045328,True
2460,61,"Apr 5, 2019",Pet Sematary,21000000,54724696,109501146,54776450,88501146,True
2461,62,"Jun 30, 1999","South Park: Bigger, Longer & Uncut",21000000,52037603,52037603,0,31037603,True
2462,63,"Jun 18, 1982",Firefox,21000000,45785720,45785720,0,24785720,True
2463,64,"Apr 16, 2010",Death at a Funeral,21000000,42739347,48977233,6237886,27977233,True
2464,65,"Mar 19, 1993",Teenage Mutant Ninja Turtles III,21000000,42273609,42273609,0,21273609,True
2465,66,"Sep 14, 2001",Hardball,21000000,40222729,43728560,3505831,22728560,True
2466,67,"Nov 5, 2010",For Colored Girls,21000000,37729698,38017873,288175,17017873,True
2467,68,"Jan 5, 2007",Freedom Writers,21000000,36605602,43632609,7027007,22632609,True
2468,69,"Aug 4, 2017",Kidnap,21000000,30718107,34836080,4117973,13836080,True
2469,70,"Oct 11, 2002",The Transporter,21000000,25296447,43928932,18632485,22928932,True
2470,71,"Mar 14, 2008",Never Back Down,21000000,24850922,39319801,14468879,18319801,True
2471,72,"Dec 9, 2011",Tinker Tailor Soldier Spy,21000000,24149393,81452811,57303418,60452811,True
2472,73,"Sep 22, 2017",Victoria and Abdul,21000000,22245070,68271146,46026076,47271146,True
2473,74,"Nov 5, 1999",The Bachelor,21000000,21731001,36882378,15151377,15882378,True
2474,75,"Mar 12, 1999",The Rage: Carrie 2,21000000,17760244,17760244,0,-3239756,False
2475,76,"Aug 1, 2008",Swing Vote,21000000,16289867,17589867,1300000,-3410133,False
2476,77,"Jun 5, 2009",Away We Go,21000000,9451946,10108016,656070,-10891984,False
2477,78,"Sep 27, 2002",Moonlight Mile,21000000,6830957,6830957,0,-14169043,False
2478,79,"May 6, 2011",The Beaver,21000000,970816,5046038,4075222,-15953962,False
2479,80,"Feb 24, 2017",Bitter Harvest,21000000,557241,606162,48921,-20393838,False
2480,81,"Oct 22, 1999",Molly,21000000,17396,17396,0,-20982604,False
2481,82,"Feb 1, 2019",Velvet Buzzsaw,21000000,0,0,0,-21000000,False
2482,83,"Apr 23, 1999",eXistenZ,20700000,2840417,2840417,0,-17859583,False
2483,84,"Jul 23, 1982",The Best Little Whorehouse in Texas,20500000,69701637,69701637,0,49201637,True
2484,85,"Aug 11, 2006",Pulse,20500000,20264436,30241435,9976999,9741435,True
2485,86,"Nov 13, 1991",Beauty and the Beast,20000000,376057266,608431132,232373866,588431132,True
2486,87,"Jun 12, 1981",Raiders of the Lost Ark,20000000,225686079,367452079,141766000,347452079,True
2487,88,"Mar 22, 2019",Us,20000000,175006930,254210310,79203380,234210310,True
2488,89,"Nov 20, 1992",Home Alone 2: Lost in New York,20000000,173585516,358994850,185409334,338994850,True
2489,90,"Nov 16, 1977",Close Encounters of the Third Kind,20000000,169100479,340800479,171700000,320800479,True
2490,91,"May 20, 1987",Beverly Hills Cop II,20000000,153665036,276665036,123000000,256665036,True
2491,92,"Dec 9, 2016",La La Land,20000000,151101803,426351163,275249360,406351163,True
2492,93,"Jul 19, 2013",The Conjuring,20000000,137400141,318000141,180600000,298000141,True
2493,94,"Mar 7, 2003",Bringing Down the House,20000000,132675402,164675402,32000000,144675402,True
2494,95,"Nov 17, 2017",Wonder,20000000,132422809,304604712,172181903,284604712,True
2495,96,"Feb 14, 1991",The Silence of the Lambs,20000000,130726716,275726716,145000000,255726716,True
2496,97,"Feb 14, 1992",Wayne's World,20000000,121697323,183097323,61400000,163097323,True
2497,98,"Oct 15, 2010",Jackass 3D,20000000,117229692,171685793,54456101,151685793,True
2498,99,"Jul 29, 2016",Bad Moms,20000000,113257297,180998716,67741419,160998716,True
2499,100,"Jan 18, 2019",Glass,20000000,111035005,245303505,134268500,225303505,True
2500,1,"Jun 16, 1978",Jaws 2,20000000,102922376,208900376,105978000,188900376,True
2501,2,"Oct 3, 2008",Beverly Hills Chihuahua,20000000,94514402,154218168,59703766,134218168,True
2502,3,"Jul 2, 2014",Tammy,20000000,84525432,96407655,11882223,76407655,True
2503,4,"Jan 21, 2005",Are We There Yet?,20000000,82674398,98114471,15440073,78114471,True
2504,5,"Nov 16, 2011",The Descendants,20000000,82624961,175507800,92882839,155507800,True
2505,6,"Oct 3, 2003",School of Rock,20000000,81261177,131944672,50683495,111944672,True
2506,7,"Apr 13, 2007",Disturbia,20000000,80818974,118537627,37718653,98537627,True
2507,8,"Jul 16, 1993",Free Willy,20000000,77698625,153698625,76000000,133698625,True
2508,9,"Oct 21, 2016",Tyler Perryâs Boo! A Madea Halloween,20000000,73206343,73206343,0,53206343,True
2509,10,"Aug 18, 1995",Mortal Kombat,20000000,70433227,122133227,51700000,102133227,True
2510,11,"Jun 23, 2004",White Chicks,20000000,69148997,111448997,42300000,91448997,True
2511,12,"Apr 24, 2009",Obsessed,20000000,68261644,73964713,5703069,53964713,True
2512,13,"Apr 18, 2003",Holes,20000000,67383924,71232214,3848290,51232214,True
2513,14,"Jun 29, 2012",Tyler Perry's Madea's Witness Protection,20000000,65653242,66950887,1297645,46950887,True
2514,15,"Mar 31, 2010",The Last Song,20000000,62950384,92678948,29728564,72678948,True
2515,16,"Apr 2, 2010",Why Did I Get Married Too?,20000000,60095852,60831067,735215,40831067,True
2516,17,"Oct 23, 1998",La vita Ã¨ bella,20000000,57598247,229385361,171787114,209385361,True
2517,18,"Oct 18, 2013",12 Years a Slave,20000000,56671993,181025343,124353350,161025343,True
2518,19,"Dec 13, 2002",Drumline,20000000,56398162,56398162,0,36398162,True
2519,20,"Jun 3, 2016",Me Before You,20000000,56245075,208265198,152020123,188265198,True
2520,21,"Feb 8, 2019",What Men Want,20000000,54611903,69911903,15300000,49911903,True
2521,22,"Apr 15, 2016",Barbershop: The Next Cut,20000000,54030051,54404202,374151,34404202,True
2522,23,"Dec 7, 1990",Edward Scissorhands,20000000,53976987,53976987,0,33976987,True
2523,24,"Sep 14, 2018",A Simple Favor,20000000,53548586,97628717,44080131,77628717,True
2524,25,"Jan 9, 2015",Selma,20000000,52076908,66776576,14699668,46776576,True
2525,26,"Dec 12, 1980",Popeye,20000000,49823037,49823037,0,29823037,True
2526,27,"Feb 17, 2006",Date Movie,20000000,48548426,85146165,36597739,65146165,True
2527,28,"Feb 15, 2002",Peter Pan: Return to Neverland,20000000,48430258,109862682,61432424,89862682,True
2528,29,"Feb 14, 2003",The Jungle Book 2,20000000,47901582,140122225,92220643,120122225,True
2529,30,"Mar 16, 2007",Premonition,20000000,47852604,81461343,33608739,61461343,True
2530,31,"Oct 20, 2017",Tyler Perryâs Boo 2! A Madea Halloween,20000000,47319572,47879572,560000,27879572,True
2531,32,"Feb 4, 2005",Boogeyman,20000000,46752382,67192859,20440477,47192859,True
2532,33,"Feb 11, 2000",The Tigger Movie,20000000,45542421,96147688,50605267,76147688,True
2533,34,"Nov 6, 2015",Spotlight,20000000,45055776,92088460,47032684,72088460,True
2534,35,"Mar 30, 2018",Acrimony,20000000,43549096,46627836,3078740,26627836,True
2535,36,"Jun 26, 2015",Max,20000000,42656255,43658157,1001902,23658157,True
2536,37,"Mar 21, 2008",Meet the Browns,20000000,41975388,41975388,0,21975388,True
2537,38,"Jul 24, 2009",Orphan,20000000,41596251,78769428,37173177,58769428,True
2538,39,"Nov 17, 2017",The Star,20000000,40847995,62758010,21910015,42758010,True
2539,40,"Jan 26, 2007",Epic Movie,20000000,39739367,86858578,47119211,66858578,True
2540,41,"Sep 19, 2008",Lakeview Terrace,20000000,39263506,44821299,5557793,24821299,True
2541,42,"Oct 13, 2006",The Grudge 2,20000000,39143839,70743839,31600000,50743839,True
2542,43,"Jul 27, 2016",Nerve,20000000,38583626,70652284,32068658,50652284,True
2543,44,"May 14, 1982",Conan the Barbarian,20000000,38264085,79114085,40850000,59114085,True
2544,45,"Aug 14, 1998",How Stella Got Her Groove Back,20000000,37672944,37672944,0,17672944,True
2545,46,"Jul 19, 1991",Bill & Ted's Bogus Journey,20000000,37537675,37537675,0,17537675,True
2546,47,"Oct 13, 2006",Man of the Year,20000000,37442180,41342180,3900000,21342180,True
2547,48,"Feb 19, 2016",Risen,20000000,36880033,46255763,9375730,26255763,True
2548,49,"Aug 18, 2010",Vampires Suck,20000000,36661504,81424988,44763484,61424988,True
2549,50,"Dec 21, 1979",The Black Hole,20000000,35841901,35841901,0,15841901,True
2550,51,"Sep 1, 2010",The American,20000000,35606376,67950723,32344347,47950723,True
2551,52,"Mar 21, 1997",Selena,20000000,35450113,35450113,0,15450113,True
2552,53,"Nov 4, 2011",A Very Harold & Kumar 3D Christmas,20000000,35061031,36265745,1204714,16265745,True
2553,54,"Mar 19, 2004",Eternal Sunshine of the Spotless Mind,20000000,34366518,72570762,38204244,52570762,True
2554,55,"Jan 4, 2013",Texas Chainsaw 3D,20000000,34341945,47666013,13324068,27666013,True
2555,56,"Oct 27, 2006",Babel,20000000,34302837,132121212,97818375,112121212,True
2556,57,"Sep 19, 2014",This is Where I Leave You,20000000,34296320,41296320,7000000,21296320,True
2557,58,"Dec 12, 2008",Doubt,20000000,33446470,53191101,19744631,33191101,True
2558,59,"Oct 15, 2004",Team America: World Police,20000000,32774834,50948811,18173977,30948811,True
2559,60,"Oct 27, 1995",Copycat,20000000,32051917,32051917,0,12051917,True
2560,61,"Apr 12, 2013",Scary Movie V,20000000,32015787,78613981,46598194,58613981,True
2561,62,"Mar 12, 2010",She's Out of My League,20000000,32010860,48680977,16670117,28680977,True
2562,63,"Nov 26, 2008",Milk,20000000,31841299,57293371,25452072,37293371,True
2563,64,"Oct 15, 1969",Paint Your Wagon,20000000,31678778,31678778,0,11678778,True
2564,65,"Aug 31, 2011",The Debt,20000000,31177548,46604054,15426506,26604054,True
2565,66,"Oct 25, 2002",Ghost Ship,20000000,30113491,68349884,38236393,48349884,True
2566,67,"Jan 8, 2010",Daybreakers,20000000,30101577,51445503,21343926,31445503,True
2567,68,"Mar 7, 2008",The Bank Job,20000000,30060660,66143005,36082345,46143005,True
2568,69,"Mar 20, 1998",Wild Things,20000000,29795299,55576699,25781400,35576699,True
2569,70,"Oct 16, 2009",The Stepfather,20000000,29062561,29227561,165000,9227561,True
2570,71,"Mar 31, 2000",High Fidelity,20000000,27277055,47881663,20604608,27881663,True
2571,72,"Apr 28, 2006",Stick It,20000000,26910736,30399714,3488978,10399714,True
2572,73,"Jan 4, 2008",One Missed Call,20000000,26890041,44513466,17623425,24513466,True
2573,74,"Jan 12, 1996",Eye for an Eye,20000000,26792700,26792700,0,6792700,True
2574,75,"Apr 11, 2008",Street Kings,20000000,26418667,65457811,39039144,45457811,True
2575,76,"Aug 23, 2013",The World's End,20000000,26004851,47508505,21503654,27508505,True
2576,77,"Jan 19, 1996",From Dusk Till Dawn,20000000,25728961,25732986,4025,5732986,True
2577,78,"Sep 24, 2010",You Again,20000000,25702053,32838945,7136892,12838945,True
2578,79,"Jun 15, 2007",Nancy Drew,20000000,25584685,30703845,5119160,10703845,True
2579,80,"Sep 17, 2010",Alpha and Omega 3D,20000000,25107267,48958353,23851086,28958353,True
2580,81,"Dec 25, 2018",On the Basis of Sex,20000000,24622687,38073377,13450690,18073377,True
2581,82,"Feb 14, 2014",Endless Love,20000000,23438250,34718173,11279923,14718173,True
2582,83,"Sep 8, 2006",The Covenant,20000000,23364784,38164784,14800000,18164784,True
2583,84,"Jul 1, 2011",Monte Carlo,20000000,23186769,39686769,16500000,19686769,True
2584,85,"Mar 24, 2006",Stay Alive,20000000,23086480,23187506,101026,3187506,True
2585,86,"Oct 7, 2005",2 For the Money,20000000,22991379,30491379,7500000,10491379,True
2586,87,"Jun 16, 2017",Rough Night,20000000,22105643,46844357,24738714,26844357,True
2587,88,"Dec 4, 1998",Psycho,20000000,21541218,37226218,15685000,17226218,True
2588,89,"Oct 19, 1990",Quigley Down Under,20000000,21413105,21413105,0,1413105,True
2589,90,"Sep 27, 1995",To Die For,20000000,21284514,27688744,6404230,7688744,True
2590,91,"Aug 21, 2009",Shorts,20000000,20919166,29870801,8951635,9870801,True
2591,92,"Oct 30, 1998",Vampires,20000000,20268825,20268825,0,268825,True
2592,93,"Sep 19, 2008",Appaloosa,20000000,20211394,27911453,7700059,7911453,True
2593,94,"Nov 20, 2015",Secret in Their Eyes,20000000,20180155,32608019,12427864,12608019,True
2594,95,"Aug 13, 2004",Yu-Gi-Oh,20000000,19762690,28762690,9000000,8762690,True
2595,96,"Mar 23, 2007",Reign Over Me,20000000,19661987,20081987,420000,81987,True
2596,97,"Sep 19, 2008",My Best Friend's Girl,20000000,19219250,34787111,15567861,14787111,True
2597,98,"May 11, 2007",Georgia Rule,20000000,18882880,20819601,1936721,819601,True
2598,99,"Jul 31, 1981",Under the Rainbow,20000000,18826490,18826490,0,-1173510,False
2599,100,"Apr 12, 1985",Ladyhawke,20000000,18400000,18400000,0,-1600000,False
2600,1,"Sep 21, 2007",Into the Wild,20000000,18354356,56822960,38468604,36822960,True
2601,2,"Sep 11, 1998",Simon Birch,20000000,18253415,18310591,57176,-1689409,False
2602,3,"Feb 11, 2005",Pooh's Heffalump Movie,20000000,18098433,55686944,37588511,35686944,True
2603,4,"Sep 29, 2006",School for Scoundrels,20000000,17807569,17807569,0,-2192431,False
2604,5,"Oct 26, 2012",Silent Hill: Revelation 3D,20000000,17530219,55975672,38445453,35975672,True
2605,6,"Nov 3, 1995",Home for the Holidays,20000000,17468887,22119269,4650382,2119269,True
2606,7,"Mar 31, 2017",The Zookeeperâs Wife,20000000,17445186,26308749,8863563,6308749,True
2607,8,"Feb 20, 2009",Fired Up,20000000,17231291,18608570,1377279,-1391430,False
2608,9,"Apr 8, 2005",Kung Fu Hustle,20000000,17104669,102034104,84929435,82034104,True
2609,10,"Jul 26, 2002",The Country Bears,20000000,16988996,16988996,0,-3011004,False
2610,11,"Sep 29, 2017",Flatliners,20000000,16883115,45173738,28290623,25173738,True
2611,12,"Mar 16, 2007",Dead Silence,20000000,16574590,20614661,4040071,614661,True
2612,13,"Nov 21, 2003",21 Grams,20000000,16248701,59667625,43418924,39667625,True
2613,14,"Dec 4, 2009",Armored,20000000,15988876,23661038,7672162,3661038,True
2614,15,"Dec 14, 2007",The Kite Runner,20000000,15800078,74180745,58380667,54180745,True
2615,16,"Sep 3, 2004",Paparazzi,20000000,15712072,16612072,900000,-3387928,False
2616,17,"Jan 17, 2003",A Guy Thing,20000000,15543862,17430594,1886732,-2569406,False
2617,18,"Feb 15, 1965",The Greatest Story Ever Told,20000000,15473333,15473333,0,-4526667,False
2618,19,"Jul 21, 2000",Loser,20000000,15464026,18250106,2786080,-1749894,False
2619,20,"Mar 6, 1998",Twilight,20000000,15055091,15055091,0,-4944909,False
2620,21,"Sep 23, 2009",Capitalism: A Love Story,20000000,14363397,19121531,4758134,-878469,False
2621,22,"Apr 13, 2012",Lockout,20000000,14326865,33943049,19616184,13943049,True
2622,23,"Aug 29, 2008",Disaster Movie,20000000,14190901,36720752,22529851,16720752,True
2623,24,"Sep 30, 2011",What's Your Number?,20000000,14011084,30163785,16152701,10163785,True
2624,25,"Nov 14, 1997",The Man Who Knew Too Little,20000000,13801755,13801755,0,-6198245,False
2625,26,"Apr 17, 2009",Crank 2: High Voltage,20000000,13684249,35472739,21788490,15472739,True
2626,27,"Oct 30, 2015",Burnt,20000000,13651946,36773510,23121564,16773510,True
2627,28,"Apr 30, 2004",Envy,20000000,13548322,14566246,1017924,-5433754,False
2628,29,"Oct 13, 2006",One Night with the King,20000000,13395961,13725032,329071,-6274968,False
2629,30,"Oct 21, 1994",Bullets Over Broadway,20000000,13383747,13383747,0,-6616253,False
2630,31,"Sep 19, 2008",Ghost Town,20000000,13367624,29958228,16590604,9958228,True
2631,32,"Nov 22, 2002",The Quiet American,20000000,12987647,26348203,13360556,6348203,True
2632,33,"Feb 26, 2016",Triple 9,20000000,12639297,25943792,13304495,5943792,True
2633,34,"Sep 2, 2016",The Light Between Oceans,20000000,12545979,22281732,9735753,2281732,True
2634,35,"Oct 28, 2005",The Weather Man,20000000,12482775,15466961,2984186,-4533039,False
2635,36,"Aug 23, 2002",Undisputed,20000000,12398628,12398628,0,-7601372,False
2636,37,"Mar 27, 2009",12 Rounds,20000000,12234694,17306648,5071954,-2693352,False
2637,38,"Oct 1, 2010",Let Me In,20000000,12134935,28270399,16135464,8270399,True
2638,39,"May 6, 1994",3 Ninjas Kick Back,20000000,11744960,11744960,0,-8255040,False
2639,40,"Feb 22, 2008",Be Kind Rewind,20000000,11175164,30894247,19719083,10894247,True
2640,41,"Dec 9, 2005",Mrs. Henderson Presents,20000000,11036366,27836366,16800000,7836366,True
2641,42,"Dec 12, 1997",Deconstructing Harry,20000000,10686841,10686841,0,-9313159,False
2642,43,"Oct 22, 1999",Three to Tango,20000000,10570375,10570375,0,-9429625,False
2643,44,"Dec 15, 1989",We're No Angels,20000000,10555348,10555348,0,-9444652,False
2644,45,"Dec 6, 1996",Everyone Says I Love You,20000000,9725847,34600000,24874153,14600000,True
2645,46,"Aug 31, 2007",Death Sentence,20000000,9534258,16907831,7373573,-3092169,False
2646,47,"Jun 3, 2016",Popstar: Never Stop Never Stopping,20000000,9496130,9537120,40990,-10462880,False
2647,48,"Oct 27, 2017",Thank You for Your Service,20000000,9479390,9985316,505926,-10014684,False
2648,49,"Dec 4, 2009",Everybody's Fine,20000000,9208876,9208876,0,-10791124,False
2649,50,"Aug 27, 2004",Superbabies: Baby Geniuses 2,20000000,9109322,9355369,246047,-10644631,False
2650,51,"Sep 20, 2013",Battle of the Year,20000000,8888355,16723377,7835022,-3276623,False
2651,52,"Apr 29, 2016",Ratchet and Clank,20000000,8813410,14365639,5552229,-5634361,False
2652,53,"Aug 17, 2007",Death at a Funeral,20000000,8580428,46790428,38210000,26790428,True
2653,54,"Sep 9, 2005",The Man,20000000,8330720,10393696,2062976,-9606304,False
2654,55,"Jan 5, 2007",Code Name: The Cleaner,20000000,8135024,8135024,0,-11864976,False
2655,56,"Dec 12, 2014",Inherent Vice,20000000,8110975,14772346,6661371,-5227654,False
2656,57,"Apr 16, 2004",Connie & Carla,20000000,8047525,8047525,0,-11952475,False
2657,58,"Oct 11, 2013",Machete Kills,20000000,8008161,18273009,10264848,-1726991,False
2658,59,"Jan 1, 1969",Sweet Charity,20000000,8000000,8000000,0,-12000000,False
2659,60,"Feb 24, 2006",Doogal,20000000,7578946,28058652,20479706,8058652,True
2660,61,"Sep 16, 2005",Proof,20000000,7535331,8284331,749000,-11715669,False
2661,62,"Oct 3, 2008",An American Carol,20000000,7013191,7022183,8992,-12977817,False
2662,63,"Mar 14, 2003",Willard,20000000,6882696,6882696,0,-13117304,False
2663,64,"Feb 1, 2008",Strange Wilderness,20000000,6575282,6947084,371802,-13052916,False
2664,65,"Apr 24, 2015",Little Boy,20000000,6485961,17769299,11283338,-2230701,False
2665,66,"Dec 17, 1999",Topsy Turvy,20000000,6201757,6201757,0,-13798243,False
2666,67,"Oct 26, 2012",Chasing Mavericks,20000000,6002756,8300821,2298065,-11699179,False
2667,68,"Dec 31, 2014",A Most Violent Year,20000000,5749134,8846875,3097741,-11153125,False
2668,69,"Nov 23, 2011",A Dangerous Method,20000000,5702083,14807531,9105448,-5192469,False
2669,70,"Jul 7, 2006",A Scanner Darkly,20000000,5501616,7405084,1903468,-12594916,False
2670,71,"Aug 14, 2009",Bandslam,20000000,5210988,12967829,7756841,-7032171,False
2671,72,"Jan 28, 2005",Alone in the Dark,20000000,5178569,10588079,5409510,-9411921,False
2672,73,"Oct 29, 2004",Birth,20000000,5005899,14603001,9597102,-5396999,False
2673,74,"Aug 26, 2016",Hands of Stone,20000000,4712792,5031975,319183,-14968025,False
2674,75,"Oct 24, 2008",Passchendaele,20000000,4452423,4453327,904,-15546673,False
2675,76,"Oct 3, 2008",Flash of Genius,20000000,4442377,4504111,61734,-15495889,False
2676,77,"Nov 21, 2007",Iâm Not There,20000000,4017609,12397613,8380004,-7602387,False
2677,78,"Sep 7, 2012",The Cold Light of Day,20000000,3763583,25361206,21597623,5361206,True
2678,79,"May 15, 2009",The Brothers Bloom,20000000,3531756,5531756,2000000,-14468244,False
2679,80,"Oct 24, 2008","Synecdoche, New York",20000000,3083538,4383538,1300000,-15616462,False
2680,81,"Oct 26, 2018",Suspiria,20000000,2483472,7034615,4551143,-12965385,False
2681,82,"Nov 3, 2017",LBJ,20000000,2468683,2507181,38498,-17492819,False
2682,83,"Oct 29, 1999",Mononoke-hime,20000000,2374107,150350000,147975893,130350000,True
2683,84,"Mar 19, 2004",Bon Voyage,20000000,2353728,8361736,6008008,-11638264,False
2684,85,"Nov 13, 2015",My All-American,20000000,2246000,2246000,0,-17754000,False
2685,86,"Jun 20, 1980",Can't Stop the Music,20000000,2000000,2000000,0,-18000000,False
2686,87,"May 5, 2006",The Proposition,20000000,1903434,5313608,3410174,-14686392,False
2687,88,"Aug 22, 2003",Marci X,20000000,1646664,1646664,0,-18353336,False
2688,89,"Dec 6, 2002",Equilibrium,20000000,1190018,5345869,4155851,-14654131,False
2689,90,"Apr 29, 2011",Dylan Dog: Dead of Night,20000000,1186538,6093725,4907187,-13906275,False
2690,91,"Aug 29, 2012",The Oogieloves in the BIG Balloon Adventure,20000000,1065907,1065907,0,-18934093,False
2691,92,"May 23, 2008",The Children of Huang Shi,20000000,1031872,8221700,7189828,-11778300,False
2692,93,"Oct 20, 2000",The Yards,20000000,882710,2282710,1400000,-17717290,False
2693,94,"Aug 6, 2010",Middle Men,20000000,754301,754301,0,-19245699,False
2694,95,"Apr 28, 2017",JÃ¬yÃ¬ dÃ shÄ«,20000000,587470,43888531,43301061,23888531,True
2695,96,"Dec 3, 2010",All Good Things,20000000,582024,873617,291593,-19126383,False
2696,97,"Nov 13, 2015",By the Sea,20000000,538460,3727746,3189286,-16272254,False
2697,98,"Mar 18, 2005",Steamboy,20000000,468867,10468867,10000000,-9531133,False
2698,99,"Apr 22, 2005",The Game of Their Lives,20000000,375474,375474,0,-19624526,False
2699,100,"Sep 11, 1994",Rapa Nui,20000000,305070,305070,0,-19694930,False
2700,1,"Dec 10, 2010",The Tempest,20000000,277943,277943,0,-19722057,False
2701,2,"Mar 7, 2008",é·æ±ä¸è (CJ7),20000000,206678,47300771,47094093,27300771,True
2702,3,"Sep 18, 2009",The Burning Plain,20000000,200730,1167092,966362,-18832908,False
2703,4,"Mar 27, 1998",Les Couloirs du temps: Les visiteurs 2,20000000,146072,26146072,26000000,6146072,True
2704,5,"Apr 25, 2003",People I Know,20000000,121972,5694213,5572241,-14305787,False
2705,6,"Oct 30, 2015",Regression,20000000,55039,15824374,15769335,-4175626,False
2706,7,"Dec 31, 2008",Admiral,20000000,0,38585047,38585047,18585047,True
2707,8,"Dec 31, 2012",Zambezia,20000000,0,34454336,34454336,14454336,True
2708,9,"Apr 13, 2010",Three Kingdoms: Resurrection of the Dragon,20000000,0,22139590,22139590,2139590,True
2709,10,"Mar 31, 2004",The Touch,20000000,0,5918742,5918742,-14081258,False
2710,11,"May 29, 2015",Survivor,20000000,0,1703281,1703281,-18296719,False
2711,12,"Nov 18, 2016",The History of Love,20000000,0,476624,476624,-19523376,False
2712,13,"Dec 25, 2007",Butterfly on a Wheel,20000000,0,0,0,-20000000,False
2713,14,"Aug 29, 2014",Dwegons and Leprechauns,20000000,0,0,0,-20000000,False
2714,15,"Jul 22, 2016",Fight Valley,20000000,0,0,0,-20000000,False
2715,16,"Dec 31, 2017",The Thousand Miles,20000000,0,0,0,-20000000,False
2716,17,"Dec 13, 2018",Bird Box,19800000,0,0,0,-19800000,False
2717,18,"Aug 21, 2009",Der Baader Meinhof Komplex,19700000,476270,16498827,16022557,-3201173,False
2718,19,"Dec 1, 2017",The Shape of Water,19500000,63859435,195790794,131931359,176290794,True
2719,20,"Nov 23, 2012",De rouille et dâos,19500000,2061449,29393634,27332185,9893634,True
2720,21,"Dec 20, 2006",The Painted Veil,19400000,8060487,15118795,7058308,-4281205,False
2721,22,"Aug 23, 2013",The Frozen Ground,19200000,0,5617460,5617460,-13582540,False
2722,23,"Jul 29, 2011",The Devil's Double,19100000,1361512,5965646,4604134,-13134354,False
2723,24,"Jul 3, 1985",Back to the Future,19000000,212259762,385524784,173265022,366524784,True
2724,25,"Nov 9, 1990",Dances with Wolves,19000000,184208842,424200000,239991158,405200000,True
2725,26,"Jul 7, 2000",Scary Movie,19000000,157019771,277200000,120180229,258200000,True
2726,27,"Jun 24, 2011",Bad Teacher,19000000,100292856,215448997,115156141,196448997,True
2727,28,"Aug 12, 2016",Sausage Party,19000000,97670358,141344255,43673897,122344255,True
2728,29,"Sep 15, 1989",Sea of Love,19000000,58571513,58571513,0,39571513,True
2729,30,"Jan 10, 2003",Just Married,19000000,56127162,101564935,45437773,82564935,True
2730,31,"Sep 11, 2009",I Can Do Bad All By Myself,19000000,51733921,51733921,0,32733921,True
2731,32,"Jul 16, 2004",A Cinderella Story,19000000,51438175,70164105,18725930,51164105,True
2732,33,"May 23, 1980",The Shining,19000000,44017374,44728227,710853,25728227,True
2733,34,"Oct 26, 2001",Thirteen Ghosts,19000000,41867960,68467960,26600000,49467960,True
2734,35,"Oct 29, 1999",House on Haunted Hill,19000000,40846082,65090541,24244459,46090541,True
2735,36,"Feb 26, 2010",The Crazies,19000000,39123589,56445534,17321945,37445534,True
2736,37,"Jan 16, 2009",Notorious,19000000,36843682,44972183,8128501,25972183,True
2737,38,"Nov 2, 2018",Nobodyâs Fool,19000000,31713110,32589493,876383,13589493,True
2738,39,"Aug 20, 2010",The Switch,19000000,27758465,49858465,22100000,30858465,True
2739,40,"Jan 8, 2010",Leap Year,19000000,25918920,32618920,6700000,13618920,True
2740,41,"Nov 8, 2013",The Book Thief,19000000,21488481,76086711,54598230,57086711,True
2741,42,"Oct 19, 2007","Gone, Baby, Gone",19000000,20300218,34352162,14051944,15352162,True
2742,43,"Jul 26, 2000",Thomas and the Magic Railroad,19000000,15911332,15911332,0,-3088668,False
2743,44,"Nov 8, 1962",Mutiny on The Bounty,19000000,13680000,13680000,0,-5320000,False
2744,45,"Sep 20, 2002",Sen to Chihiro no Kamikakushi,19000000,10049886,274949886,264900000,255949886,True
2745,46,"Oct 17, 2008",Sex Drive,19000000,8402485,10412485,2010000,-8587515,False
2746,47,"Jan 9, 1998",Firestorm,19000000,8123860,8123860,0,-10876140,False
2747,48,"Mar 4, 2011",Take Me Home Tonight,19000000,6928068,7576604,648536,-11423396,False
2748,49,"Sep 28, 2012",Won't Back Down,19000000,5310554,5745503,434949,-13254497,False
2749,50,"Jun 1, 2018",Action Point,19000000,5059608,5103675,44067,-13896325,False
2750,51,"Jan 1, 1964",The Fall of the Roman Empire,19000000,4750000,4750000,0,-14250000,False
2751,52,"Nov 24, 1993",The Nutcracker,19000000,2119994,2119994,0,-16880006,False
2752,53,"Dec 13, 2011",George Balanchine\'s The Nutcracker,19000000,2119994,2119994,0,-16880006,False
2753,54,"Aug 16, 1996",Kansas City,19000000,1353824,1353824,0,-17646176,False
2754,55,"Mar 8, 2016",Out of the Inferno,19000000,0,0,0,-19000000,False
2755,56,"Jun 24, 2005",George A. Romero's Land of the Dead,18975000,20700082,47751015,27050933,28776015,True
2756,57,"Dec 15, 2006",IndigÃ¨nes,18900000,320700,26063572,25742872,7163572,True
2757,58,"Apr 15, 2005",The Amityville Horror,18500000,65233369,109175673,43942304,90675673,True
2758,59,"Dec 6, 2002",Adaptation,18500000,22498520,32531759,10033239,14031759,True
2759,60,"Oct 2, 2009",The Invention of Lying,18500000,18451251,32679264,14228013,14179264,True
2760,61,"May 22, 1998",Fear and Loathing in Las Vegas,18500000,10680275,13711903,3031628,-4788097,False
2761,62,"Jul 4, 2008",Ne le dis Ã personne,18500000,6198883,33954018,27755135,15454018,True
2762,63,"Feb 2, 2001",Left Behind,18500000,4221341,4221341,0,-14278659,False
2763,64,"May 9, 2014",Neighbors,18000000,150086800,270944428,120857628,252944428,True
2764,65,"Nov 3, 2006",Borat,18000000,128505958,261443242,132937284,243443242,True
2765,66,"Jul 29, 1994",The Mask,18000000,119920129,351620129,231700000,333620129,True
2766,67,"Jun 3, 1988",Big,18000000,114968774,151668774,36700000,133668774,True
2767,68,"Jul 13, 2001",Legally Blonde,18000000,96493426,141809235,45315809,123809235,True
2768,69,"Apr 30, 2004",Mean Girls,18000000,86047227,130953026,44905799,112953026,True
2769,70,"Jun 1, 1984",Star Trek III: The Search for Spock,18000000,76471046,87000000,10528954,69000000,True
2770,71,"Sep 9, 2005",The Exorcism of Emily Rose,18000000,75072454,144529078,69456624,126529078,True
2771,72,"Dec 10, 1999",Deuce Bigalow: Male Gigolo,18000000,65535067,92935067,27400000,74935067,True
2772,73,"Jan 1, 2004",Barbershop 2: Back in Business,18000000,65070412,65842412,772000,47842412,True
2773,74,"Dec 16, 2005",The Family Stone,18000000,60062868,92357499,32294631,74357499,True
2774,75,"Nov 26, 2003",Bad Santa,18000000,60060328,77147031,17086703,59147031,True
2775,76,"Jun 12, 1987",Predator,18000000,59735548,98267558,38532010,80267558,True
2776,77,"Mar 25, 2016",My Big Fat Greek Wedding 2,18000000,59689605,92096558,32406953,74096558,True
2777,78,"Sep 11, 2015",The Perfect Guy,18000000,57027435,60278166,3250731,42278166,True
2778,79,"May 2, 1997",Austin Powers: International Man of Mystery,18000000,53883989,67683989,13800000,49683989,True
2779,80,"Mar 25, 2011",Diary of a Wimpy Kid: Rodrick Rules,18000000,52698535,73695194,20996659,55695194,True
2780,81,"Sep 19, 1984",Amadeus,18000000,51973029,51973029,0,33973029,True
2781,82,"Apr 11, 2008",Prom Night,18000000,43869350,57193655,13324305,39193655,True
2782,83,"Apr 8, 2011",Soul Surfer,18000000,43853424,47158652,3305228,29158652,True
2783,84,"Sep 26, 2003",Under the Tuscan Sun,18000000,43601508,57490024,13888516,39490024,True
2784,85,"Jun 29, 2018",Uncle Drew,18000000,42469946,46527161,4057215,28527161,True
2785,86,"Oct 17, 2014",Birdman or (The Unexpected Virtue of Ignorance),18000000,42340598,103215094,60874496,85215094,True
2786,87,"Oct 10, 1986",Peggy Sue Got Married,18000000,41382841,41382841,0,23382841,True
2787,88,"Dec 26, 2001",Gosford Park,18000000,41300105,41300105,0,23300105,True
2788,89,"Jan 11, 2002",Orange County,18000000,41059716,43308707,2248991,25308707,True
2789,90,"Jul 26, 2013",Blue Jasmine,18000000,33404871,102912961,69508090,84912961,True
2790,91,"Apr 28, 2006",United 93,18000000,31567134,77635035,46067901,59635035,True
2791,92,"Dec 5, 2003",Honey,18000000,30272254,62646763,32374509,44646763,True
2792,93,"Oct 14, 2005",The Fog,18000000,29511112,37048526,7537414,19048526,True
2793,94,"May 24, 1996",Spy Hard,18000000,26936265,26936265,0,8936265,True
2794,95,"Aug 7, 2015",Ricki and the Flash,18000000,26839498,41166033,14326535,23166033,True
2795,96,"Dec 13, 1989",Glory,18000000,26593580,26593580,0,8593580,True
2796,97,"Jun 29, 1984",Conan the Destroyer,18000000,26400000,26400000,0,8400000,True
2797,98,"Nov 13, 2015",Love the Coopers,18000000,26302731,42227490,15924759,24227490,True
2798,99,"Jun 24, 1970",Catch-22,18000000,24911670,24911670,0,6911670,True
2799,100,"Apr 10, 2009",Observe and Report,18000000,24007324,27148898,3141574,9148898,True
2800,1,"Nov 14, 1980",Raging Bull,18000000,23380203,23380203,0,5380203,True
2801,2,"Sep 18, 2009",Love Happens,18000000,22965110,36133014,13167904,18133014,True
2802,3,"Sep 25, 2009",Fame,18000000,22455510,80227619,57772109,62227619,True
2803,4,"Apr 28, 2017",The Circle,18000000,20497844,40651864,20154020,22651864,True
2804,5,"Dec 4, 1985",Young Sherlock Holmes,18000000,19739000,19739000,0,1739000,True
2805,6,"Nov 5, 2010",127 Hours,18000000,18335230,60217171,41881941,42217171,True
2806,7,"May 19, 2000",Small Time Crooks,18000000,17266359,29934477,12668118,11934477,True
2807,8,"May 12, 2000",Center Stage,18000000,17200925,21361109,4160184,3361109,True
2808,9,"Jan 15, 2016",Norm of the North,18000000,17062499,30535660,13473161,12535660,True
2809,10,"Feb 6, 2004",Catch That Kid,18000000,16703799,16959614,255815,-1040386,False
2810,11,"Aug 16, 2013",Jobs,18000000,16131410,43402515,27271105,25402515,True
2811,12,"Oct 26, 2001",Life as a House,18000000,15652637,23889158,8236521,5889158,True
2812,13,"Jan 8, 2010",Youth in Revolt,18000000,15285588,19685588,4400000,1685588,True
2813,14,"Jul 25, 2014",And So It Goes,18000000,15160801,17920013,2759212,-79987,False
2814,15,"Jul 10, 2009","I Love You, Beth Cooper",18000000,14800725,16382538,1581813,-1617462,False
2815,16,"Jul 24, 1981",Blow Out,18000000,13747234,13747234,0,-4252766,False
2816,17,"Mar 30, 2001",The Tailor of Panama,18000000,13491653,27491653,14000000,9491653,True
2817,18,"May 22, 1981",The Legend of the Lone Ranger,18000000,13400000,13400000,0,-4600000,False
2818,19,"Jan 31, 2014",Labor Day,18000000,13371528,14189810,818282,-3810190,False
2819,20,"Aug 30, 2013",Getaway,18000000,10501938,11813989,1312051,-6186011,False
2820,21,"Sep 26, 1997",The Ice Storm,18000000,8038061,16011975,7973914,-1988025,False
2821,22,"Oct 15, 2004",Being Julia,18000000,7739049,14488705,6749656,-3511295,False
2822,23,"Mar 22, 1989",Troop Beverly Hills,18000000,7190505,7190505,0,-10809495,False
2823,24,"Feb 21, 1986",Nine 1/2 Weeks,18000000,6734844,6734844,0,-11265156,False
2824,25,"Jan 15, 2010",The Last Station,18000000,6617867,15696146,9078279,-2303854,False
2825,26,"Jun 26, 1981",Dragonslayer,18000000,6000000,6000000,0,-12000000,False
2826,27,"Sep 30, 1994",Ed Wood,18000000,5828466,5828466,0,-12171534,False
2827,28,"Jun 6, 2008",Mongol,18000000,5705761,27147349,21441588,9147349,True
2828,29,"Oct 8, 2008",RocknRolla,18000000,5700626,27794339,22093713,9794339,True
2829,30,"Jun 25, 1982",Megaforce,18000000,5675599,5675599,0,-12324401,False
2830,31,"Aug 20, 2010",Mao's Last Dancer,18000000,4806750,25941437,21134687,7941437,True
2831,32,"Dec 25, 1996",Hamlet,18000000,4501094,7129670,2628576,-10870330,False
2832,33,"Apr 11, 2014",The Railway Man,18000000,4438438,23910210,19471772,5910210,True
2833,34,"Dec 29, 1995",Restoration,18000000,4100000,4100000,0,-13900000,False
2834,35,"Mar 18, 2016",Midnight Special,18000000,3712282,7680250,3967968,-10319750,False
2835,36,"Nov 25, 2016",Miss Sloane,18000000,3500605,7719630,4219025,-10280370,False
2836,37,"Sep 27, 2013",Metallica Through the Never,18000000,3419967,9082906,5662939,-8917094,False
2837,38,"Sep 19, 2003",Anything Else,18000000,3203044,13203044,10000000,-4796956,False
2838,39,"Feb 23, 1996",Unforgettable,18000000,2483790,2483790,0,-15516210,False
2839,40,"Mar 17, 2017",T2: Trainspotting,18000000,2402004,42091262,39689258,24091262,True
2840,41,"Dec 30, 2009",Das Weisse Band: Eine deutsche Kindergeschichte,18000000,2222862,25727044,23504182,7727044,True
2841,42,"Apr 25, 1986",8 Million Ways to Die,18000000,1305114,1305114,0,-16694886,False
2842,43,"Mar 1, 2013",Phantom,18000000,1034589,1199510,164921,-16800490,False
2843,44,"Apr 26, 2002",The Salton Sea,18000000,676698,676698,0,-17323302,False
2844,45,"Apr 24, 2009",The Informers,18000000,315000,315000,0,-17685000,False
2845,46,"Sep 24, 1999",One Man's Hero,18000000,229311,229311,0,-17770689,False
2846,47,"Oct 15, 2010",Carlos,18000000,145526,1619153,1473627,-16380847,False
2847,48,"Sep 22, 2006",Renaissance,18000000,70644,2401413,2330769,-15598587,False
2848,49,"Dec 31, 2008",I Come with the Rain,18000000,0,627422,627422,-17372578,False
2849,50,"Apr 15, 2016",I Am Wrath,18000000,0,309608,309608,-17690392,False
2850,51,"Nov 14, 2014",Wolves,18000000,0,94953,94953,-17905047,False
2851,52,"Apr 8, 2008",Day of the Dead,18000000,0,0,0,-18000000,False
2852,53,"Aug 22, 2014",The Prince,18000000,0,0,0,-18000000,False
2853,54,"Feb 19, 2016",Forsaken,18000000,0,0,0,-18000000,False
2854,55,"Jun 28, 1985",Red Sonja,17900000,6905861,6908640,2779,-10991360,False
2855,56,"Jul 13, 2012",Red Lights,17700000,49521,14518884,14469363,-3181116,False
2856,57,"Aug 17, 2007",Superbad,17500000,121463226,169955142,48491916,152455142,True
2857,58,"Feb 20, 2009",Madea Goes To Jail,17500000,90508336,90508336,0,73008336,True
2858,59,"Feb 14, 2008",Step Up 2 the Streets,17500000,58017783,148586910,90569127,131086910,True
2859,60,"Jan 13, 2006",Hoodwinked,17500000,51386611,109843390,58456779,92343390,True
2860,61,"Dec 22, 2004",Hotel Rwanda,17500000,23519128,36521223,13002095,19021223,True
2861,62,"Aug 25, 2006",Beerfest,17500000,19185184,20159316,974132,2659316,True
2862,63,"Nov 27, 2013",Black Nativity,17500000,7018188,7285135,266947,-10214865,False
2863,64,"Apr 25, 2003",City of Ghosts,17500000,325491,325491,0,-17174509,False
2864,65,"Dec 31, 2007",Taxi 4,17500000,0,60865364,60865364,43365364,True
2865,66,"Apr 6, 2018",A Quiet Place,17000000,188024361,334522294,146497933,317522294,True
2866,67,"Aug 10, 2001",The Others,17000000,96522687,207765056,111242369,190765056,True
2867,68,"Jul 18, 1986",Aliens,17000000,85160248,183316455,98156207,166316455,True
2868,69,"Aug 13, 2014",Letâs Be Cops,17000000,82390774,136890774,54500000,119890774,True
2869,70,"Oct 17, 1997",I Know What You Did Last Summer,17000000,72250091,125250091,53000000,108250091,True
2870,71,"Oct 22, 1964",My Fair Lady,17000000,72000000,72071636,71636,55071636,True
2871,72,"Oct 22, 2004",Sideways,17000000,71502303,109793192,38290889,92793192,True
2872,73,"Nov 15, 2013",The Best Man Holiday,17000000,70525195,72835710,2310515,55835710,True
2873,74,"Feb 13, 2009",Friday the 13th,17000000,65002019,92670237,27668218,75670237,True
2874,75,"Sep 28, 2012",Pitch Perfect,17000000,65001093,116044347,51043254,99044347,True
2875,76,"Aug 5, 1998",Halloween: H2O,17000000,55041738,55041738,0,38041738,True
2876,77,"Apr 5, 2013",Evil Dead,17000000,54239856,97778356,43538500,80778356,True
2877,78,"Aug 27, 2004",Jet Li's Hero,17000000,53652140,177535958,123883818,160535958,True
2878,79,"Oct 29, 2010",Saw 3D,17000000,45710178,133735284,88025106,116735284,True
2879,80,"Feb 20, 2015","McFarland, USA",17000000,44480275,45707924,1227649,28707924,True
2880,81,"Nov 11, 2016",Almost Christmas,17000000,42065185,42493506,428321,25493506,True
2881,82,"Mar 10, 2006",The Hills Have Eyes,17000000,41778863,70355813,28576950,53355813,True
2882,83,"Mar 1, 2002",40 Days and 40 Nights,17000000,37939782,95092667,57152885,78092667,True
2883,84,"Oct 10, 2003",Good Boy!,17000000,37667746,45312217,7644471,28312217,True
2884,85,"Jan 26, 2007",Smokin' Aces,17000000,35662731,57263440,21600709,40263440,True
2885,86,"Oct 2, 1998",A Night at the Roxbury,17000000,30331165,30331165,0,13331165,True
2886,87,"Mar 4, 2011",Beastly,17000000,27865571,38028230,10162659,21028230,True
2887,88,"Mar 5, 2010",Brooklyn's Finest,17000000,27163593,39233233,12069640,22233233,True
2888,89,"Jul 9, 1982",Tron,17000000,26918576,26918576,0,9918576,True
2889,90,"Aug 20, 2010",Lottery Ticket,17000000,24719879,24719879,0,7719879,True
2890,91,"Sep 5, 2003",Dickie Roberts: Former Child Star,17000000,22734486,23734486,1000000,6734486,True
2891,92,"Mar 31, 2006",ATL,17000000,21170563,21170563,0,4170563,True
2892,93,"Aug 24, 2001",Summer Catch,17000000,19693891,19693891,0,2693891,True
2893,94,"Dec 11, 1998",A Simple Plan,17000000,16316273,16316273,0,-683727,False
2894,95,"Mar 24, 2006",Larry the Cable Guy: Health Inspector,17000000,15680099,15680099,0,-1319901,False
2895,96,"Nov 27, 2002",Wes Craven Presents: They,17000000,12840842,16140842,3300000,-859158,False
2896,97,"Oct 1, 1999",The Adventures of Elmo in Grouchland,17000000,11634458,11634458,0,-5365542,False
2897,98,"Jul 24, 1987",Superman IV: The Quest for Peace,17000000,11227824,11227824,0,-5772176,False
2898,99,"May 29, 1963",55 Days at Peking,17000000,10000000,10000000,0,-7000000,False
2899,100,"Jun 5, 2009",My Life in Ruins,17000000,8677425,20477425,11800000,3477425,True
2900,1,"Apr 21, 2006",American Dreamz,17000000,7314027,16510971,9196944,-489029,False
2901,2,"Jan 25, 2008",How She Move,17000000,7070641,8607815,1537174,-8392185,False
2902,3,"Feb 24, 2006",Running Scared,17000000,6855137,9729088,2873951,-7270912,False
2903,4,"Aug 24, 2012",The Apparition,17000000,4936819,10637281,5700462,-6362719,False
2904,5,"Apr 30, 2004",Bobby Jones: Stroke of Genius,17000000,2694071,2694071,0,-14305929,False
2905,6,"Aug 29, 1986",Shanghai Surprise,17000000,2315000,2315000,0,-14685000,False
2906,7,"Dec 25, 2010",L'illusionniste,17000000,2231474,8609949,6378475,-8390051,False
2907,8,"Jan 1, 1981",Roar,17000000,2110050,2110050,0,-14889950,False
2908,9,"Oct 17, 2003",Veronica Guerin,17000000,1569918,9438074,7868156,-7561926,False
2909,10,"Jun 10, 2016",Genius,17000000,1361045,7265283,5904238,-9734717,False
2910,11,"Nov 14, 2007",Southland Tales,17000000,275380,364607,89227,-16635393,False
2911,12,"Jun 26, 2015",Escobar: Paradise Lost,17000000,195792,3917679,3721887,-13082321,False
2912,13,"Sep 26, 2017","Mune, le gardien de la lune",17000000,0,14534046,14534046,-2465954,False
2913,14,"Jun 23, 2009",Chasseurs de dragons,17000000,0,13446115,13446115,-3553885,False
2914,15,"Oct 21, 1977",Damnation Alley,17000000,0,0,0,-17000000,False
2915,16,"Jul 12, 2019",Crawl,17000000,0,0,0,-17000000,False
2916,17,"Mar 11, 2016",The Young Messiah,16800000,6469813,7313697,843884,-9486303,False
2917,18,"Nov 10, 2006",FUR: An Imaginary Portrait of Diane Arbus,16800000,223202,2281089,2057887,-14518911,False
2918,19,"Nov 27, 1991",My Girl,16500000,58011485,58011485,0,41511485,True
2919,20,"Dec 11, 1987",Wall Street,16500000,43848100,43848100,0,27348100,True
2920,21,"Dec 11, 1995",Sense and Sensibility,16500000,42993774,134993774,92000000,118493774,True
2921,22,"Aug 18, 2006",The Illusionist,16500000,39868642,83792062,43923420,67292062,True
2922,23,"Aug 3, 2007",Becoming Jane,16500000,18663911,39380876,20716965,22880876,True
2923,24,"Dec 19, 2003",House of Sand and Fog,16500000,13005485,16157923,3152438,-342077,False
2924,25,"Sep 21, 2007",Sydney White,16500000,11892415,13636339,1743924,-2863661,False
2925,26,"Dec 31, 2007",Arn - Tempelriddaren,16500000,0,21404122,21404122,4904122,True
2926,27,"Jun 2, 1989",Dead Poets Society,16400000,95860116,239500000,143639884,223100000,True
2927,28,"Dec 16, 1994",Dumb & Dumber,16000000,127175374,246400000,119224626,230400000,True
2928,29,"Jul 14, 1989",When Harry Met Sallyâ¦,16000000,92823546,92961960,138414,76961960,True
2929,30,"May 19, 2000",Road Trip,16000000,68525609,119739110,51213501,103739110,True
2930,31,"Dec 8, 1982",The Verdict,16000000,53977250,53977250,0,37977250,True
2931,32,"Jan 15, 1999",Varsity Blues,16000000,52894169,54294169,1400000,38294169,True
2932,33,"May 25, 2012",Moonrise Kingdom,16000000,45512466,68848446,23335980,52848446,True
2933,34,"Nov 25, 2011",The Artist,16000000,44667095,128256712,83589617,112256712,True
2934,35,"Jan 9, 2009",The Unborn,16000000,42670410,78208812,35538402,62208812,True
2935,36,"Aug 2, 2002",The Master of Disguise,16000000,40363530,40363530,0,24363530,True
2936,37,"Oct 6, 2006",The Texas Chainsaw Massacre: The Beginning,16000000,39517763,50517763,11000000,34517763,True
2937,38,"Dec 29, 2006",El Laberinto del Fauno,16000000,37634615,87041569,49406954,71041569,True
2938,39,"Feb 4, 2011",The Roommate,16000000,37300107,52545707,15245600,36545707,True
2939,40,"Feb 2, 2007",The Messengers,16000000,35374833,53774833,18400000,37774833,True
2940,41,"Mar 2, 2001",See Spot Run,16000000,33357476,43057552,9700076,27057552,True
2941,42,"Aug 9, 1991",Double Impact,16000000,29090445,29090445,0,13090445,True
2942,43,"Jun 27, 2001",Baby Boy,16000000,28734552,28734552,0,12734552,True
2943,44,"Apr 11, 2001",Joe Dirt,16000000,27087695,30987695,3900000,14987695,True
2944,45,"Sep 12, 2008",The Women,16000000,26902075,50103808,23201733,34103808,True
2945,46,"Apr 20, 2007",Hot Fuzz,16000000,23618786,81742618,58123832,65742618,True
2946,47,"Aug 15, 2008",Vicky Cristina Barcelona,16000000,23216709,104504817,81288108,88504817,True
2947,48,"Jun 16, 2000",Boys and Girls,16000000,21799652,21799652,0,5799652,True
2948,49,"Jun 13, 2018",Superfly,16000000,20537137,20723581,186444,4723581,True
2949,50,"Nov 18, 1994",LÃ©on,16000000,19284974,45284974,26000000,29284974,True
2950,51,"Mar 12, 2010",Remember Me,16000000,19068240,56506120,37437880,40506120,True
2951,52,"Oct 11, 2002",White Oleander,16000000,16357770,21657770,5300000,5657770,True
2952,53,"Sep 18, 2009",Jennifer's Body,16000000,16204793,31943401,15738608,15943401,True
2953,54,"Mar 3, 2000",Drowning Mona,16000000,15427192,15980376,553184,-19624,False
2954,55,"Jan 30, 1987",Radio Days,16000000,14792779,14792779,0,-1207221,False
2955,56,"Jul 18, 2003",How to Deal,16000000,14108518,14108518,0,-1891482,False
2956,57,"Oct 3, 2014",Left Behind,16000000,14019924,20769209,6749285,4769209,True
2957,58,"May 28, 2004",Soul Plane,16000000,13922211,14553807,631596,-1446193,False
2958,59,"Dec 9, 1988",My Stepmother Is an Alien,16000000,13854000,13854000,0,-2146000,False
2959,60,"Jun 29, 2012",People Like Us,16000000,12431792,12617472,185680,-3382528,False
2960,61,"May 28, 1999",The Thirteenth Floor,16000000,11810854,11810854,0,-4189146,False
2961,62,"Sep 3, 2004",The Cookout,16000000,11540112,11540112,0,-4459888,False
2962,63,"Oct 19, 1979",Meteor,16000000,8400000,8400000,0,-7600000,False
2963,64,"Mar 7, 1986",Highlander,16000000,5900000,12900000,7000000,-3100000,False
2964,65,"Nov 18, 2016",Bleed for This,16000000,5083906,6603926,1520020,-9396074,False
2965,66,"May 3, 2002",Hollywood Ending,16000000,4839383,14839383,10000000,-1160617,False
2966,67,"Sep 15, 2000",Duets,16000000,4734235,6615452,1881217,-9384548,False
2967,68,"Aug 13, 1999",Detroit Rock City,16000000,4217115,5825314,1608199,-10174686,False
2968,69,"Oct 19, 2007",Things We Lost in the Fire,16000000,3287315,8120148,4832833,-7879852,False
2969,70,"Nov 14, 2014",The Homesman,16000000,2429989,8217571,5787582,-7782429,False
2970,71,"Apr 5, 2013",Trance,16000000,2322593,22594052,20271459,6594052,True
2971,72,"May 16, 2014",The Immigrant,16000000,2013456,7585011,5571555,-8414989,False
2972,73,"Aug 15, 1997",Steel,16000000,1686429,1686429,0,-14313571,False
2973,74,"Dec 21, 2005",The White Countess,16000000,1669971,2814566,1144595,-13185434,False
2974,75,"Jul 25, 2008",Bienvenue chez les Ch'tis,16000000,1477650,247474497,245996847,231474497,True
2975,76,"Oct 1, 2014","Men, Women and Children",16000000,705908,1685403,979495,-14314597,False
2976,77,"Sep 24, 2010",Enter the Void,16000000,337997,1467278,1129281,-14532722,False
2977,78,"Dec 31, 2008",Good,16000000,31631,31631,0,-15968369,False
2978,79,"Nov 2, 2012",Vamps,16000000,3361,94812,91451,-15905188,False
2979,80,"May 11, 2010",Haeundae,16000000,0,64733391,64733391,48733391,True
2980,81,"Mar 9, 2010",Hachiko: A Dog's Story,16000000,0,47707417,47707417,31707417,True
2981,82,"Dec 31, 2013",Zulu,16000000,0,1844228,1844228,-14155772,False
2982,83,"Dec 21, 2018",Second Act,15700000,39282227,63288854,24006627,47588854,True
2983,84,"Jun 21, 2002",Juwanna Mann,15600000,13571817,13771817,200000,-1828183,False
2984,85,"Jun 8, 2007",La MÃ´me,15500000,10299782,88611837,78312055,73111837,True
2985,86,"Nov 15, 2002",Ararat,15500000,1693000,1693000,0,-13807000,False
2986,87,"Apr 13, 2007",Slow Burn,15500000,1237615,1237615,0,-14262385,False
2987,88,"Apr 22, 2005",Madison,15500000,517262,517262,0,-14982738,False
2988,89,"Feb 26, 2010",The Yellow Handkerchief,15500000,318623,318623,0,-15181377,False
2989,90,"Sep 27, 2002",Wasabi,15300000,81525,7000000,6918475,-8300000,False
2990,91,"Mar 31, 2006",Slither,15250000,7802450,12930343,5127893,-2319657,False
2991,92,"Nov 16, 1990",Home Alone,15000000,285761243,476684675,190923432,461684675,True
2992,93,"Dec 5, 1984",Beverly Hills Cop,15000000,234760478,316300000,81539522,301300000,True
2993,94,"May 16, 1986",Top Gun,15000000,179800601,356799634,176999033,341799634,True
2994,95,"Dec 17, 1982",Tootsie,15000000,177200000,177200000,0,162200000,True
2995,96,"Nov 25, 1987",3 Men and a Baby,15000000,167780960,167780960,0,152780960,True
2996,97,"Nov 26, 2010",The Kingâs Speech,15000000,138797449,430821168,292023719,415821168,True
2997,98,"Sep 15, 1999",American Beauty,15000000,130058047,356258047,226200000,341258047,True
2998,99,"Dec 8, 2000","Crouching Tiger, Hidden Dragon",15000000,128067808,213514672,85446864,198514672,True
2999,100,"Dec 9, 1988",Twins,15000000,111936388,216600000,104663612,201600000,True
3000,1,"Dec 20, 1996",Scream,15000000,103046663,173046663,70000000,158046663,True
3001,2,"Aug 11, 2017",Annabelle: Creation,15000000,102092201,305384865,203292664,290384865,True
3002,3,"Oct 25, 2013",Jackass Presents: Bad Grandpa,15000000,102003019,160903019,58900000,145903019,True
3003,4,"Jun 28, 1978",Heaven Can Wait,15000000,98800000,98800000,0,83800000,True
3004,5,"Dec 18, 1985",The Color Purple,15000000,93589701,93589701,0,78589701,True
3005,6,"Nov 28, 2014",The Imitation Game,15000000,91125143,227740463,136615320,212740463,True
3006,7,"Mar 30, 1988",Beetlejuice,15000000,73839613,73887546,47933,58887546,True
3007,8,"Nov 18, 1959",Ben-Hur,15000000,73000000,73259017,259017,58259017,True
3008,9,"Jan 18, 2013",Mama,15000000,71628180,148095566,76467386,133095566,True
3009,10,"Oct 10, 1980",Private Benjamin,15000000,69847348,69847348,0,54847348,True
3010,11,"Mar 7, 1980",Coal Miner's Daughter,15000000,67182787,67182787,0,52182787,True
3011,12,"Mar 6, 1987",Lethal Weapon,15000000,65192350,120192350,55000000,105192350,True
3012,13,"Mar 19, 2010",Diary of a Wimpy Kid,15000000,64003625,76954311,12950686,61954311,True
3013,14,"Jul 29, 1983",National Lampoonâs Vacation,15000000,61400000,61400000,0,46400000,True
3014,15,"Aug 31, 2007",Halloween,15000000,58269151,77514401,19245250,62514401,True
3015,16,"Sep 30, 2006",The Queen,15000000,56441711,128885873,72444162,113885873,True
3016,17,"Oct 12, 2007",Why Did I Get Married?,15000000,55204525,55934178,729653,40934178,True
3017,18,"Feb 3, 2012",The Woman in Black,15000000,54333290,128955898,74622608,113955898,True
3018,19,"Dec 21, 1994",Little Women,15000000,50003303,50003303,0,35003303,True
3019,20,"Jan 1, 1979",The Deer Hunter,15000000,50000000,50009253,9253,35009253,True
3020,21,"Aug 10, 2018",BlacKkKlansman,15000000,49275340,93017335,43741995,78017335,True
3021,22,"Feb 3, 2006",When a Stranger Calls,15000000,47860214,67215435,19355221,52215435,True
3022,23,"Feb 8, 2002",Big Fat Liar,15000000,47811275,52461017,4649742,37461017,True
3023,24,"Aug 15, 1997",Cop Land,15000000,44906632,63706632,18800000,48706632,True
3024,25,"Dec 25, 1997",Wag the Dog,15000000,43057470,64252038,21194568,49252038,True
3025,26,"Feb 22, 2013",Snitch,15000000,42930462,57907734,14977272,42907734,True
3026,27,"May 2, 2003",The Lizzie McGuire Movie,15000000,42734455,55534455,12800000,40534455,True
3027,28,"Dec 4, 2015",Krampus,15000000,42725475,61788393,19062918,46788393,True
3028,29,"Sep 21, 2012",End of Watch,15000000,41003371,57586606,16583235,42586606,True
3029,30,"Dec 25, 1998",The Faculty,15000000,40283321,40283321,0,25283321,True
3030,31,"Jun 9, 1993",What's Love Got to Do With It,15000000,39100956,39100956,0,24100956,True
3031,32,"Dec 14, 2001",Not Another Teen Movie,15000000,37882551,62401343,24518792,47401343,True
3032,33,"Dec 3, 2014",Wild,15000000,37880356,52460543,14580187,37460543,True
3033,34,"Dec 16, 1962",Lawrence of Arabia,15000000,37495385,69995385,32500000,54995385,True
3034,35,"Nov 7, 2014",The Theory of Everything,15000000,35893537,123327692,87434155,108327692,True
3035,36,"Sep 16, 2011",Drive,15000000,35060689,81357930,46297241,66357930,True
3036,37,"Mar 31, 2000",The Skulls,15000000,35007180,35007180,0,20007180,True
3037,38,"Oct 10, 1966",Hawaii,15000000,34562222,34562222,0,19562222,True
3038,39,"Nov 23, 2018",The Favourite,15000000,34366783,94113929,59747146,79113929,True
3039,40,"Apr 18, 2003",Malibu's Most Wanted,15000000,34308901,34499204,190303,19499204,True
3040,41,"Sep 4, 2009",All About Steve,15000000,33862903,40127259,6264356,25127259,True
3041,42,"Apr 28, 2000",Where the Heart Is,15000000,33771174,40862054,7090880,25862054,True
3042,43,"Aug 28, 2009",Halloween 2,15000000,33392973,38512850,5119877,23512850,True
3043,44,"Mar 13, 2009",The Last House on the Left,15000000,32752215,46526243,13774028,31526243,True
3044,45,"Feb 18, 2005",Because of Winn-Dixie,15000000,32647042,33508485,861443,18508485,True
3045,46,"Feb 4, 2005",The Wedding Date,15000000,31726995,47175038,15448043,32175038,True
3046,47,"Sep 25, 1987",The Princess Bride,15000000,30857000,30859628,2628,15859628,True
3047,48,"Jul 12, 2002",Halloween: Resurrection,15000000,30259652,37659652,7400000,22659652,True
3048,49,"Dec 25, 2007",The Great Debaters,15000000,30226144,30261293,35149,15261293,True
3049,50,"Aug 22, 2014",When the Game Stands Tall,15000000,30127963,30138912,10949,15138912,True
3050,51,"Jun 12, 1981",Clash of the Titans,15000000,30000000,44400000,14400000,29400000,True
3051,52,"Feb 20, 2004",Confessions of a Teenage Drama Queen,15000000,29331068,33118854,3787786,18118854,True
3052,53,"Apr 17, 1998",The Object of my Affection,15000000,29145924,29145924,0,14145924,True
3053,54,"May 11, 2007",28 Weeks Later,15000000,28638916,64232714,35593798,49232714,True
3054,55,"Apr 11, 1997",Grosse Pointe Blank,15000000,28084357,31070412,2986055,16070412,True
3055,56,"Apr 21, 2000",Love and Basketball,15000000,27441122,27709625,268503,12709625,True
3056,57,"Sep 8, 2017",Home Again,15000000,27020284,37336874,10316590,22336874,True
3057,58,"Oct 27, 2000",Book of Shadows: Blair Witch 2,15000000,26421314,47721314,21300000,32721314,True
3058,59,"Oct 10, 1997",Boogie Nights,15000000,26410771,43111725,16700954,28111725,True
3059,60,"Jul 23, 2010",Ramona and Beezus,15000000,26167002,27469621,1302619,12469621,True
3060,61,"Aug 27, 2014",The November Man,15000000,25018119,34820335,9802216,19820335,True
3061,62,"May 3, 1996",The Craft,15000000,24769466,55669466,30900000,40669466,True
3062,63,"Dec 28, 2005",Match Point,15000000,23089926,87973835,64883909,72973835,True
3063,64,"Nov 5, 1993",The Remains of the Day,15000000,22954968,63954968,41000000,48954968,True
3064,65,"Jan 15, 1993",Nowhere to Run,15000000,22189039,52189039,30000000,37189039,True
3065,66,"Sep 22, 2000",Urban Legends: Final Cut,15000000,21468807,38574362,17105555,23574362,True
3066,67,"Mar 29, 2013",The Place Beyond the Pines,15000000,21403519,47011449,25607930,32011449,True
3067,68,"Oct 20, 2006",Flicka,15000000,21000147,21896367,896220,6896367,True
3068,69,"Mar 23, 2007",The Hills Have Eyes II,15000000,20804166,37466538,16662372,22466538,True
3069,70,"Apr 29, 2016",Keanu,15000000,20591853,20688141,96288,5688141,True
3070,71,"Dec 22, 2010",Country Strong,15000000,20218921,20601987,383066,5601987,True
3071,72,"Oct 11, 2002",Tuck Everlasting,15000000,19161999,19344615,182616,4344615,True
3072,73,"Oct 13, 2006",The Marine,15000000,18844784,22165608,3320824,7165608,True
3073,74,"Jul 24, 1998",Disturbing Behavior,15000000,17507368,19014238,1506870,4014238,True
3074,75,"Mar 6, 1998",The Big Lebowski,15000000,17498804,46189568,28690764,31189568,True
3075,76,"Jul 25, 2014",A Most Wanted Man,15000000,17237855,36068890,18831035,21068890,True
3076,77,"Jun 26, 2009",The Hurt Locker,15000000,17017811,49894223,32876412,34894223,True
3077,78,"Jan 28, 2000",Eye of the Beholder,15000000,16500786,18260865,1760079,3260865,True
3078,79,"Nov 2, 2012",The Man with the Iron Fists,15000000,15634090,22018988,6384898,7018988,True
3079,80,"May 11, 1984",Firestarter,15000000,15136870,15136870,0,136870,True
3080,81,"Feb 1, 2019",Miss Bala,15000000,14998027,15362298,364271,362298,True
3081,82,"Nov 30, 2012",Killing Them Softly,15000000,14945541,39238443,24292902,24238443,True
3082,83,"Apr 20, 2001",Freddy Got Fingered,15000000,14249005,14249005,0,-750995,False
3083,84,"Aug 19, 2011",One Day,15000000,13843771,59168692,45324921,44168692,True
3084,85,"Jun 25, 2004",De-Lovely,15000000,13337299,18524496,5187197,3524496,True
3085,86,"Oct 2, 2009",Whip It,15000000,13077184,18889972,5812788,3889972,True
3086,87,"Jan 11, 2008",The Pirates Who Don't Do Anything: A VeggieTales Movie,15000000,12981269,13248444,267175,-1751556,False
3087,88,"Jan 23, 2008",U2 3D,15000000,12898847,26170402,13271555,11170402,True
3088,89,"Sep 1, 2000",Highlander: Endgame,15000000,12801190,12801190,0,-2198810,False
3089,90,"Jan 20, 2017",The Founder,15000000,12786053,24403192,11617139,9403192,True
3090,91,"Aug 25, 2006",Idlewild,15000000,12669914,12669914,0,-2330086,False
3091,92,"Apr 25, 2003",Confidence,15000000,12212417,12212417,0,-2787583,False
3092,93,"Oct 11, 2002",Knockaround Guys,15000000,11660180,12419700,759520,-2580300,False
3093,94,"Aug 27, 1999",The Muse,15000000,11614954,11614954,0,-3385046,False
3094,95,"Apr 3, 1998",Barney's Great Adventure,15000000,11156471,11156471,0,-3843529,False
3095,96,"Mar 1, 1989",New York Stories,15000000,10763469,10763469,0,-4236531,False
3096,97,"Nov 25, 1998",Home Fries,15000000,10513979,10513979,0,-4486021,False
3097,98,"Mar 24, 2000",Here on Earth,15000000,10494147,10845127,350980,-4154873,False
3098,99,"Oct 8, 2004",Raise Your Voice,15000000,10411980,14811980,4400000,-188020,False
3099,100,"Dec 18, 1985",Brazil,15000000,9929135,9932146,3011,-5067854,False
3100,1,"Apr 23, 1993",The Dark Half,15000000,9579068,9579068,0,-5420932,False
3101,2,"Mar 2, 2007",Black Snake Moan,15000000,9396870,10951153,1554283,-4048847,False
3102,3,"Feb 21, 2003",Dark Blue,15000000,9237470,12262065,3024595,-2737935,False
3103,4,"Jun 22, 2007",A Mighty Heart,15000000,9176787,19153568,9976781,4153568,True
3104,5,"Sep 30, 1983",Brainstorm,15000000,8921050,8921050,0,-6078950,False
3105,6,"Sep 23, 2016",Queen of Katwe,15000000,8874389,10055481,1181092,-4944519,False
3106,7,"Mar 24, 2000",Whatever it Takes,15000000,8735529,8735529,0,-6264471,False
3107,8,"Mar 21, 2003",Boat Trip,15000000,8586376,14933713,6347337,-66287,False
3108,9,"May 22, 2002",The Importance of Being Earnest,15000000,8378141,8378141,0,-6621859,False
3109,10,"May 21, 1999",The Love Letter,15000000,8322608,9010980,688372,-5989020,False
3110,11,"May 5, 2006",Hoot,15000000,8117637,8224998,107361,-6775002,False
3111,12,"Feb 8, 2008",In Bruges,15000000,7800825,34533783,26732958,19533783,True
3112,13,"Jan 4, 2013",Promised Land,15000000,7597898,12394562,4796664,-2605438,False
3113,14,"Oct 8, 2001",Mulholland Drive,15000000,7219578,20785973,13566395,5785973,True
3114,15,"Jun 8, 2018",Hotel Artemis,15000000,6708137,12758799,6050662,-2241201,False
3115,16,"Aug 20, 2008",The Rocker,15000000,6409528,8767338,2357810,-6232662,False
3116,17,"Aug 21, 2009",Post Grad,15000000,6382178,6563402,181224,-8436598,False
3117,18,"Jun 19, 2009",Whatever Works,15000000,5306706,35106706,29800000,20106706,True
3118,19,"Jul 19, 2000",The In Crowd,15000000,5217498,5217498,0,-9782502,False
3119,20,"Dec 14, 2005",Los tres entierros de Melquiades Estrada,15000000,5027684,13454474,8426790,-1545526,False
3120,21,"Sep 24, 1999",Jakob the Liar,15000000,4956401,4956401,0,-10043599,False
3121,22,"Sep 28, 2007",Se jie,15000000,4604982,65167430,60562448,50167430,True
3122,23,"Oct 21, 2005","Kiss Kiss, Bang Bang",15000000,4235837,16829464,12593627,1829464,True
3123,24,"Apr 30, 1999",Idle Hands,15000000,4023741,4023741,0,-10976259,False
3124,25,"Oct 30, 2015",Scouts Guide to the Zombie Apocalypse,15000000,3703046,15554855,11851809,554855,True
3125,26,"Jan 26, 2007",Blood and Chocolate,15000000,3526588,6551310,3024722,-8448690,False
3126,27,"Sep 22, 2010",You Will Meet a Tall Dark Stranger,15000000,3247816,34247816,31000000,19247816,True
3127,28,"Oct 23, 2015",Rock the Kasbah,15000000,3020665,3386153,365488,-11613847,False
3128,29,"Sep 15, 2010",Never Let Me Go,15000000,2434652,11173718,8739066,-3826282,False
3129,30,"Sep 9, 2016",The Disappointments Room,15000000,2423467,3503761,1080294,-11496239,False
3130,31,"Dec 25, 2003",The Company,15000000,2281585,3396508,1114923,-11603492,False
3131,32,"Jul 18, 2008",Transsiberian,15000000,2203641,6379575,4175934,-8620425,False
3132,33,"Oct 22, 1999",Crazy in Alabama,15000000,1954202,1954202,0,-13045798,False
3133,34,"Jan 17, 1986",The Clan of the Cave Bear,15000000,1953732,1953732,0,-13046268,False
3134,35,"Feb 3, 2017",The Comedian,15000000,1658706,1658706,0,-13341294,False
3135,36,"Mar 14, 2008",Funny Games,15000000,1294640,8200127,6905487,-6799873,False
3136,37,"Jun 2, 2006",Banlieue 13,15000000,1200216,11599903,10399687,-3400097,False
3137,38,"Nov 12, 1999",Felicia's Journey,15000000,824295,1970268,1145973,-13029732,False
3138,39,"Jan 25, 2002",Metropolis,15000000,673414,1405032,731618,-13594968,False
3139,40,"Oct 16, 2015",CÃ¬kÃ¨ NiÃ¨ YinniÃ¡ng,15000000,632542,11279884,10647342,-3720116,False
3140,41,"Dec 1, 1995",Things to Do in Denver when You're Dead,15000000,529766,529766,0,-14470234,False
3141,42,"Apr 26, 2013",The Reluctant Fundamentalist,15000000,528731,528731,0,-14471269,False
3142,43,"Feb 6, 2004",The Return,15000000,501752,5953886,5452134,-9046114,False
3143,44,"Jul 25, 2003",Buffalo Soldiers,15000000,353743,353743,0,-14646257,False
3144,45,"Apr 25, 2003",Steal (Canadian Release),15000000,220944,220944,0,-14779056,False
3145,46,"Aug 27, 2010",Centurion,15000000,123570,7885048,7761478,-7114952,False
3146,47,"Oct 23, 2009",Ong-Bak 2,15000000,102458,7583050,7480592,-7416950,False
3147,48,"Dec 31, 1996",Silent Trigger,15000000,76382,76382,0,-14923618,False
3148,49,"Aug 1, 2008",Midnight Meat Train,15000000,73548,1590246,1516698,-13409754,False
3149,50,"Sep 6, 2013",Winnie Mandela,15000000,61847,61847,0,-14938153,False
3150,51,"Nov 4, 2011",The Son of No One,15000000,30680,1148578,1117898,-13851422,False
3151,52,"Oct 25, 2002",All the Queen's Men,15000000,22723,22723,0,-14977277,False
3152,53,"Oct 5, 2007",The Good Night,15000000,22441,22441,0,-14977559,False
3153,54,"Dec 6, 2013",Khumba,15000000,0,20898221,20898221,5898221,True
3154,55,"May 5, 2015",A Few Best Men,15000000,0,17224539,17224539,2224539,True
3155,56,"Oct 10, 2014",AutÃ³mata,15000000,0,6775458,6775458,-8224542,False
3156,57,"Dec 31, 2015",Chiamatemi Francesco - Il papa della gente,15000000,0,3925769,3925769,-11074231,False
3157,58,"Dec 31, 2008",Bathory,15000000,0,3436763,3436763,-11563237,False
3158,59,"Feb 5, 2010",San suk si gin,15000000,0,2013340,2013340,-12986660,False
3159,60,"Dec 31, 2005",Dungeons & Dragons: Wrath of the Dragon God,15000000,0,909822,909822,-14090178,False
3160,61,"Feb 17, 2017",In Dubious Battle,15000000,0,214182,214182,-14785818,False
3161,62,"Sep 1, 2015",Broken Horses,15000000,0,3471,3471,-14996529,False
3162,63,"Jun 29, 2001",Pandaemonium,15000000,0,0,0,-15000000,False
3163,64,"Aug 14, 2019",Blinded by the Light,15000000,0,0,0,-15000000,False
3164,65,"Feb 12, 1993",Groundhog Day,14600000,70906973,70906973,0,56306973,True
3165,66,"Jul 1, 2015",Magic Mike XXL,14500000,66013057,123660597,57647540,109160597,True
3166,67,"Nov 1, 1996",Romeo+Juliet,14500000,46338728,147542381,101203653,133042381,True
3167,68,"Jul 22, 2011",Elle s'appelait Sarah,14500000,7691700,25480031,17788331,10980031,True
3168,69,"Jun 5, 2015",Freedom,14500000,0,872757,872757,-13627243,False
3169,70,"Aug 7, 1992",Unforgiven,14400000,101157447,159157447,58000000,144757447,True
3170,71,"Jan 27, 2006",Manderlay,14200000,74205,543306,469101,-13656694,False
3171,72,"Mar 23, 1990",Pretty Woman,14000000,178406268,432645872,254239604,418645872,True
3172,73,"Sep 18, 1987",Fatal Attraction,14000000,156645693,320100000,163454307,306100000,True
3173,74,"Nov 12, 2008",Slumdog Millionaire,14000000,141330703,384530440,243199737,370530440,True
3174,75,"Dec 17, 1974",Towering Inferno,14000000,116000000,139700000,23700000,125700000,True
3175,76,"May 25, 1988",Crocodile Dundee 2,14000000,109306210,239606210,130300000,225606210,True
3176,77,"Dec 20, 1989",Born on the Fourth of July,14000000,70001698,70001698,0,56001698,True
3177,78,"Oct 1, 1993",Cool Runnings,14000000,68856263,155056263,86200000,141056263,True
3178,79,"Jan 12, 2007",Stomp the Yard,14000000,61356221,75525718,14169497,61525718,True
3179,80,"Jan 16, 2009",My Bloody Valentine,14000000,51545952,102836002,51290050,88836002,True
3180,81,"Aug 31, 2012",The Possession,14000000,49130588,82925064,33794476,68925064,True
3181,82,"Oct 22, 1982",First Blood,14000000,47212904,125212904,78000000,111212904,True
3182,83,"Jul 13, 1977",The Spy Who Loved Me,14000000,46800000,185400000,138600000,171400000,True
3183,84,"Sep 25, 1998",Urban Legend,14000000,38116707,72571864,34455157,58571864,True
3184,85,"Dec 9, 1981",Taps,14000000,35856053,35856053,0,21856053,True
3185,86,"Feb 24, 2012",Tyler Perry's Good Deeds,14000000,35025791,35579177,553386,21579177,True
3186,87,"Jan 18, 1991",White Fang,14000000,34729091,34729091,0,20729091,True
3187,88,"Dec 21, 1988",Dangerous Liaisons,14000000,34700000,34700000,0,20700000,True
3188,89,"Oct 8, 1999",Superstar,14000000,30628981,30628981,0,16628981,True
3189,90,"Jan 13, 2012",The Iron Lady,14000000,29959436,115592104,85632668,101592104,True
3190,91,"Jul 23, 1993",Poetic Justice,14000000,27450453,27450453,0,13450453,True
3191,92,"Oct 4, 2002",Jonah: A VeggieTales Movie,14000000,25571351,25608779,37428,11608779,True
3192,93,"Mar 8, 2002",All About the Benjamins,14000000,25482931,25873145,390214,11873145,True
3193,94,"Jun 17, 1977",Exorcist II: The Heretic,14000000,25011000,25011000,0,11011000,True
3194,95,"Mar 12, 2010",Our Family Wedding,14000000,20255281,21410546,1155265,7410546,True
3195,96,"Oct 27, 1995",Vampire in Brooklyn,14000000,19637147,19637147,0,5637147,True
3196,97,"May 5, 2006",An American Haunting,14000000,16298046,30443277,14145231,16443277,True
3197,98,"Aug 22, 2003",My Boss's Daughter,14000000,15549702,15549702,0,1549702,True
3198,99,"Aug 7, 2009",A Perfect Getaway,14000000,15515460,22815460,7300000,8815460,True
3199,100,"Oct 25, 1996",Thinner,14000000,15171475,15171475,0,1171475,True
3200,1,"Aug 21, 1998",Dead Man on Campus,14000000,15064948,15064948,0,1064948,True
3201,2,"May 14, 1999",Tea with Mussolini,14000000,14395874,14395874,0,395874,True
3202,3,"Jun 22, 1977","New York, New York",14000000,13800000,13800000,0,-200000,False
3203,4,"Apr 26, 2002",Jason X,14000000,13121555,16951798,3830243,2951798,True
3204,5,"May 13, 1994",Crooklyn,14000000,13024170,13024170,0,-975830,False
3205,6,"Mar 16, 2007",I Think I Love My Wife,14000000,12559771,13205411,645640,-794589,False
3206,7,"Feb 20, 2015",Hot Tub Time Machine 2,14000000,12314651,12826644,511993,-1173356,False
3207,8,"Nov 17, 2006",Bobby,14000000,11242801,20597806,9355005,6597806,True
3208,9,"Feb 2, 2001",Head Over Heels,14000000,10397365,10397365,0,-3602635,False
3209,10,"Oct 26, 2012",Fun Size,14000000,9409538,11166615,1757077,-2833385,False
3210,11,"Apr 23, 1999",Lost and Found,14000000,6552255,6552255,0,-7447745,False
3211,12,"Nov 30, 2007",Le Scaphandre et le Papillon,14000000,5990075,22754472,16764397,8754472,True
3212,13,"Oct 6, 2006",Little Children,14000000,5463019,14121177,8658158,121177,True
3213,14,"Apr 21, 2000",Gossip,14000000,5108820,12591270,7482450,-1408730,False
3214,15,"Mar 26, 1999",A Walk on the Moon,14000000,4741987,4741987,0,-9258013,False
3215,16,"Oct 23, 2015",Suffragette,14000000,4702420,34044909,29342489,20044909,True
3216,17,"Oct 27, 2006",Catch a Fire,14000000,4299773,5782198,1482425,-8217802,False
3217,18,"Dec 19, 2014",Mr. Turner,14000000,3958546,25187026,21228480,11187026,True
3218,19,"Sep 7, 2001",Soul Survivors,14000000,3100650,4288246,1187596,-9711754,False
3219,20,"May 22, 2009",Easy Virtue,14000000,2656784,20537741,17880957,6537741,True
3220,21,"Mar 31, 1995",Jefferson in Paris,14000000,2461628,2461628,0,-11538372,False
3221,22,"Aug 6, 2010",Flipped,14000000,1755212,4289993,2534781,-9710007,False
3222,23,"Jan 1, 1978",Caravans,14000000,1000000,1000000,0,-13000000,False
3223,24,"Jun 25, 2010",Les herbes folles,14000000,403952,1903952,1500000,-12096048,False
3224,25,"Jan 24, 2003",Amen,14000000,274299,274299,0,-13725701,False
3225,26,"Sep 26, 2008",The Lucky Ones,14000000,266967,266967,0,-13733033,False
3226,27,"Sep 30, 2011",Margaret,14000000,47185,623292,576107,-13376708,False
3227,28,"Nov 1, 2016",Reign of Assassins,14000000,0,11354230,11354230,-2645770,False
3228,29,"Oct 27, 2009",Stan Helsing: A Parody,14000000,0,1553556,1553556,-12446444,False
3229,30,"Dec 9, 2005",Brokeback Mountain,13900000,83043761,176980863,93937102,163080863,True
3230,31,"Jul 1, 1995",Clueless,13700000,56598476,56598476,0,42898476,True
3231,32,"Dec 31, 2008",Ca$h,13700000,0,11738256,11738256,-1961744,False
3232,33,"Mar 30, 1990",Teenage Mutant Ninja Turtles,13500000,135265915,202000000,66734085,188500000,True
3233,34,"Oct 5, 1956",The Ten Commandments,13500000,85400591,85434516,33925,71934516,True
3234,35,"Nov 8, 2002",Far From Heaven,13500000,15901849,29027914,13126065,15527914,True
3235,36,"Oct 12, 2012",Seven Psychopaths,13500000,15024049,33035736,18011687,19535736,True
3236,37,"Nov 22, 2000",Quills,13500000,7060876,11732088,4671212,-1767912,False
3237,38,"Jan 29, 1982",The Border,13500000,6118683,6118683,0,-7381317,False
3238,39,"Feb 18, 2005",Der Untergang,13500000,5501940,93631744,88129804,80131744,True
3239,40,"Mar 2, 2001",The Caveman's Valentine,13500000,687081,892506,205425,-12607494,False
3240,41,"Apr 1, 2011",The Last Godfather,13400000,164247,164247,0,-13235753,False
3241,42,"Apr 4, 2014",Under the Skin,13300000,2614251,7229933,4615682,-6070067,False
3242,43,"Dec 17, 2004",Mar adentro,13300000,2086345,39686345,37600000,26386345,True
3243,44,"Sep 12, 2014",No Good Deed,13200000,52543632,54323210,1779578,41123210,True
3244,45,"Dec 23, 1987",Good Morning Vietnam,13000000,123922370,123922370,0,110922370,True
3245,46,"Dec 3, 2010",Black Swan,13000000,106954678,331266710,224312032,318266710,True
3246,47,"Jan 12, 2001",Save the Last Dance,13000000,91038276,122244329,31206053,109244329,True
3247,48,"Feb 11, 2011",Justin Bieber: Never Say Never,13000000,73013910,99034125,26020215,86034125,True
3248,49,"Jul 4, 2018",The First Purge,13000000,69488745,136617305,67128560,123617305,True
3249,50,"Mar 16, 2016",Miracles from Heaven,13000000,61705123,73798736,12093613,60798736,True
3250,51,"Feb 11, 2000",Snow Day,13000000,60008303,62452927,2444624,49452927,True
3251,52,"Jan 23, 2004",The Butterfly Effect,13000000,57924679,95638592,37713913,82638592,True
3252,53,"Dec 11, 1974",The Godfather: Part II,13000000,57300000,57300000,0,44300000,True
3253,54,"Jun 24, 2016",The Shallows,13000000,55121623,118763442,63641819,105763442,True
3254,55,"Jul 17, 1987",RoboCop,13000000,53424681,53424681,0,40424681,True
3255,56,"Aug 19, 1988",A Nightmare on Elm Street 4: The Dream Master,13000000,49369899,49369899,0,36369899,True
3256,57,"Nov 21, 2007",This Christmas,13000000,49121934,49733545,611611,36733545,True
3257,58,"Feb 14, 2014",About Last Night,13000000,48637684,50445860,1808176,37445860,True
3258,59,"Dec 15, 2000","Dude, Where's My Car?",13000000,46729374,73180297,26450923,60180297,True
3259,60,"Aug 12, 1988",Young Guns,13000000,44726644,44726644,0,31726644,True
3260,61,"Oct 10, 2014",St. Vincent,13000000,44137712,54837234,10699522,41837234,True
3261,62,"Jul 2, 2014",Earth to Echo,13000000,38934842,42174545,3239703,29174545,True
3262,63,"Mar 31, 1999",10 Things I Hate About You,13000000,38177966,60413950,22235984,47413950,True
3263,64,"May 10, 2002",The New Guy,13000000,28972187,28972187,0,15972187,True
3264,65,"Feb 5, 1993",Loaded Weapon 1,13000000,27979399,27979399,0,14979399,True
3265,66,"Mar 12, 1999",Baby Geniuses,13000000,27151490,27151490,0,14151490,True
3266,67,"Apr 24, 1998",The Big Hit,13000000,27066941,27066941,0,14066941,True
3267,68,"Nov 9, 1990",Child's Play 2,13000000,26904572,34166572,7262000,21166572,True
3268,69,"Jul 10, 1996",Harriet the Spy,13000000,26570048,26570048,0,13570048,True
3269,70,"Mar 1, 2013",21 and Over,13000000,25682380,42195766,16513386,29195766,True
3270,71,"Nov 21, 2007",The Mist,13000000,25593755,57189408,31595653,44189408,True
3271,72,"Apr 10, 2015",Ex Machina,13000000,25440971,38358392,12917421,25358392,True
3272,73,"Oct 29, 1999",Being John Malkovich,13000000,22858926,32382381,9523455,19382381,True
3273,74,"Sep 7, 2001",Two Can Play That Game,13000000,22235901,22391450,155549,9391450,True
3274,75,"Mar 11, 2016",Eye in the Sky,13000000,18704596,35402802,16698206,22402802,True
3275,76,"Mar 22, 2013",Admission,13000000,18007317,18733666,726349,5733666,True
3276,77,"Sep 21, 2012",The Perks of Being a Wallflower,13000000,17742948,33069303,15326355,20069303,True
3277,78,"Jun 29, 2001",crazy/beautiful,13000000,16929123,19929123,3000000,6929123,True
3278,79,"Aug 28, 1998",54,13000000,16757163,16757163,0,3757163,True
3279,80,"Oct 16, 2015",Room,13000000,14677674,36262783,21585109,23262783,True
3280,81,"Oct 16, 2015",Woodlawn,13000000,14394097,14403703,9606,1403703,True
3281,82,"Dec 20, 2006",Letters from Iwo Jima,13000000,13756082,67867998,54111916,54867998,True
3282,83,"May 29, 2009",MÃ¤n som hatar kvinnor,13000000,12749992,109421911,96671919,96421911,True
3283,84,"Feb 23, 2007",The Astronaut Farmer,13000000,11003643,11141213,137570,-1858787,False
3284,85,"Jun 12, 1998",Dirty Work,13000000,10020081,10020081,0,-2979919,False
3285,86,"Jul 17, 2015",Bajrangi Bhaijaan,13000000,8178001,121778347,113600346,108778347,True
3286,87,"May 8, 1998",Woo,13000000,8064972,8064972,0,-4935028,False
3287,88,"Sep 9, 2016",Robinson Crusoe,13000000,8005586,42446455,34440869,29446455,True
3288,89,"Apr 13, 1994",Serial Mom,13000000,7881335,7881335,0,-5118665,False
3289,90,"Aug 4, 1999",Dick,13000000,6276869,6276869,0,-6723131,False
3290,91,"Nov 10, 1999",Light It Up,13000000,5871603,5871603,0,-7128397,False
3291,92,"Aug 24, 2001",Bubble Boy,13000000,5002310,5002310,0,-7997690,False
3292,93,"Feb 1, 2002",Birthday Girl,13000000,4919896,8130727,3210831,-4869273,False
3293,94,"May 4, 2007","Paris, je t'aime",13000000,4857374,5175088,317714,-7824912,False
3294,95,"Dec 7, 2018",Ben is Back,13000000,3703182,9633111,5929929,-3366889,False
3295,96,"Aug 24, 2007",Resurrecting the Champ,13000000,3172382,3260555,88173,-9739445,False
3296,97,"Mar 26, 2010",Chloe,13000000,3075255,11831131,8755876,-1168869,False
3297,98,"Mar 2, 2001",The Widow of St. Pierre,13000000,3058380,3058380,0,-9941620,False
3298,99,"Dec 4, 2015",Youth,13000000,2703296,24001573,21298277,11001573,True
3299,100,"Apr 5, 1996",Faithful,13000000,2104439,2104439,0,-10895561,False
3300,1,"Feb 26, 2010",Un ProphÃ¨te,13000000,2087720,19910624,17822904,6910624,True
3301,2,"Dec 3, 2010","I Love You, Phillip Morris",13000000,2037459,23014027,20976568,10014027,True
3302,3,"Jul 24, 2015",The Vatican Tapes,13000000,1784763,14929184,13144421,1929184,True
3303,4,"Mar 17, 2006",Find Me Guilty,13000000,1173673,2898225,1724552,-10101775,False
3304,5,"May 14, 1993",Excessive Force,13000000,1152117,1152117,0,-11847883,False
3305,6,"Oct 13, 2006",Infamous,13000000,1151330,2613717,1462387,-10386283,False
3306,7,"Jul 29, 2011",Attack the Block,13000000,1024175,6459183,5435008,-6540817,False
3307,8,"Aug 14, 2015",Brothers,13000000,656688,17856688,17200000,4856688,True
3308,9,"Dec 29, 2000",The Claim,13000000,622023,1375635,753612,-11624365,False
3309,10,"Dec 23, 2011",In The Land of Blood and Honey,13000000,303877,509193,205316,-12490807,False
3310,11,"Jun 18, 2010",The Killer Inside Me,13000000,217277,3617277,3400000,-9382723,False
3311,12,"Mar 30, 2012",Womb,13000000,0,0,0,-13000000,False
3312,13,"Dec 31, 2019",Rogue City,13000000,0,0,0,-13000000,False
3313,14,"Mar 15, 2013",The Call,12800000,51872378,69821476,17949098,57021476,True
3314,15,"Aug 5, 2016",Operation Chromite,12700000,1022720,49196532,48173812,36496532,True
3315,16,"Sep 12, 2014",The Drop,12600000,10724389,19054534,8330145,6454534,True
3316,17,"Jul 12, 2002",The Crocodile Hunter: Collision Course,12500000,28436931,33436931,5000000,20936931,True
3317,18,"Sep 3, 2010",Machete,12500000,26593646,46370970,19777324,33870970,True
3318,19,"Dec 19, 2002",Antwone Fisher,12500000,21078145,23367586,2289441,10867586,True
3319,20,"Feb 12, 1982",La Guerre du feu,12500000,20959585,20959585,0,8459585,True
3320,21,"Nov 22, 2002",The Emperor's Club,12500000,14060950,16193713,2132763,3693713,True
3321,22,"Sep 10, 1993",True Romance,12500000,12281000,12309980,28980,-190020,False
3322,23,"Sep 11, 2009",Sorority Row,12500000,11965282,26735797,14770515,14235797,True
3323,24,"Sep 30, 1992",Glengarry Glen Ross,12500000,10725228,10725228,0,-1774772,False
3324,25,"Nov 7, 2008",The Boy in the Striped Pyjamas,12500000,9046156,44083403,35037247,31583403,True
3325,26,"Apr 2, 1982",Cat People,12500000,7000000,21000000,14000000,8500000,True
3326,27,"May 25, 1979",The Prisoner of Zenda,12500000,7000000,7000000,0,-5500000,False
3327,28,"Oct 15, 2010",Conviction,12500000,6797696,11826980,5029284,-673020,False
3328,29,"Oct 12, 2007",Lars and the Real Girl,12500000,5956480,11277119,5320639,-1222881,False
3329,30,"May 21, 2010",Solitary Man,12500000,4360548,4360548,0,-8139452,False
3330,31,"Sep 22, 2000",Dancer in the Dark,12500000,4157491,45557491,41400000,33057491,True
3331,32,"Dec 17, 2010",Casino Jack,12500000,2039869,2272186,232317,-10227814,False
3332,33,"Dec 31, 1997",Oscar and Lucinda,12500000,1612957,1612957,0,-10887043,False
3333,34,"Nov 1, 1996",The Funeral,12500000,1212799,1412799,200000,-11087201,False
3334,35,"Sep 3, 2004",Tae Guik Gi: The Brotherhood of War,12500000,1110186,69826708,68716522,57326708,True
3335,36,"Apr 16, 2010",The Perfect Game,12500000,1089445,3931367,2841922,-8568633,False
3336,37,"Oct 5, 2012",The Paperboy,12500000,677200,4027663,3350463,-8472337,False
3337,38,"Mar 1, 2013",Ernest et Celestine,12500000,292562,9376444,9083882,-3123556,False
3338,39,"May 4, 2012",A Little Bit of Heaven,12500000,10011,1100287,1090276,-11399713,False
3339,40,"Nov 18, 1988",The Land Before Time,12300000,48092846,81972846,33880000,69672846,True
3340,41,"Jun 20, 1975",Jaws,12000000,260000000,470700000,210700000,458700000,True
3341,42,"Dec 26, 1973",The Exorcist,12000000,230347346,428214478,197867132,416214478,True
3342,43,"Jun 6, 2014",The Fault in Our Stars,12000000,124872350,307166834,182294484,295166834,True
3343,44,"Jul 9, 1999",American Pie,12000000,101800948,234723148,132922200,222723148,True
3344,45,"Apr 20, 2012",Think Like a Man,12000000,91547205,113373764,21826559,101373764,True
3345,46,"Apr 16, 2014",Heaven is for Real,12000000,91386097,100916299,9530202,88916299,True
3346,47,"Dec 12, 1986",The Golden Child,12000000,79817937,79817937,0,67817937,True
3347,48,"Jun 4, 1982",Star Trek II: The Wrath of Khan,12000000,78912963,95800000,16887037,83800000,True
3348,49,"Sep 13, 2002",Barbershop,12000000,75781642,77063461,1281819,65063461,True
3349,50,"Jun 3, 1983",WarGames,12000000,74433837,74433837,0,62433837,True
3350,51,"Feb 4, 1994",Ace Ventura: Pet Detective,12000000,72217396,107217396,35000000,95217396,True
3351,52,"Feb 24, 2012",Act of Valor,12000000,70012847,82497035,12484188,70497035,True
3352,53,"Feb 8, 1985",Witness,12000000,65532576,65532576,0,53532576,True
3353,54,"Aug 11, 2006",Step Up,12000000,65328121,110989157,45661036,98989157,True
3354,55,"Feb 3, 2012",Chronicle,12000000,64575175,123681790,59106615,111681790,True
3355,56,"Dec 20, 1996",Beavis and Butt-Head Do America,12000000,63118386,63118386,0,51118386,True
3356,57,"Jan 1, 1970",Patton,12000000,62500000,62500000,0,50500000,True
3357,58,"Mar 2, 2012",Project X,12000000,54731865,103028188,48296323,91028188,True
3358,59,"Nov 10, 2017","Three Billboards Outside Ebbing, Missouri",12000000,54513740,160191915,105678175,148191915,True
3359,60,"Nov 25, 2016",Lion,12000000,51739495,149570720,97831225,137570720,True
3360,61,"May 4, 2018",Overboard,12000000,50316123,85369830,35053707,73369830,True
3361,62,"Dec 25, 1997",Jackie Brown,12000000,39673162,74727492,35054330,62727492,True
3362,63,"Nov 18, 1983",Yentl,12000000,39012241,39012241,0,27012241,True
3363,64,"Apr 25, 2008",Harold & Kumar Escape from Guantanamo Bay,12000000,38108728,43353117,5244389,31353117,True
3364,65,"Nov 22, 2013",Philomena,12000000,37709979,98963392,61253413,86963392,True
3365,66,"Nov 6, 1981",Time Bandits,12000000,37400000,37400000,0,25400000,True
3366,67,"Feb 15, 2002",Crossroads,12000000,37188667,57000000,19811333,45000000,True
3367,68,"Jul 24, 2015",Paper Towns,12000000,32000304,85450484,53450180,73450484,True
3368,69,"Oct 10, 2008",Quarantine,12000000,31691811,41924774,10232963,29924774,True
3369,70,"Aug 21, 2002",One Hour Photo,12000000,31597131,52223306,20626175,40223306,True
3370,71,"Feb 1, 2008",The Eye,12000000,31418697,57577765,26159068,45577765,True
3371,72,"Apr 7, 2004",Johnson Family Vacation,12000000,31203964,31286759,82795,19286759,True
3372,73,"Dec 21, 2001",How High,12000000,31155435,31222395,66960,19222395,True
3373,74,"Oct 7, 1960",Spartacus,12000000,30000000,60000000,30000000,48000000,True
3374,75,"Sep 1, 2006",Crank,12000000,27838408,43924923,16086515,31924923,True
3375,76,"Dec 11, 1992",The Muppet Christmas Carol,12000000,27281507,27492918,211411,15492918,True
3376,77,"Aug 12, 2016",Hell or High Water,12000000,27007844,37584304,10576460,25584304,True
3377,78,"Oct 25, 2002",Frida,12000000,25885000,56131239,30246239,44131239,True
3378,79,"Jul 5, 2012",Katy Perry: Part of Me,12000000,25326071,32700439,7374368,20700439,True
3379,80,"Dec 12, 2014",Top Five,12000000,25317379,26001741,684362,14001741,True
3380,81,"Sep 11, 1998",Rounders,12000000,22921898,22921898,0,10921898,True
3381,82,"Apr 28, 1967",Casino Royale,12000000,22744718,41744718,19000000,29744718,True
3382,83,"Jun 15, 1979",Prophecy,12000000,22673340,22673340,0,10673340,True
3383,84,"Jan 30, 2015",Project Almanac,12000000,22348241,32909437,10561196,20909437,True
3384,85,"May 14, 2010",Just Wright,12000000,21540363,21867665,327302,9867665,True
3385,86,"Sep 10, 1999",Stir of Echoes,12000000,21133087,21133087,0,9133087,True
3386,87,"Jan 13, 1995",Tales from the Crypt: Demon Knight,12000000,21089146,21089146,0,9089146,True
3387,88,"Jan 1, 1978",The Boys from Brazil,12000000,19000000,19000000,0,7000000,True
3388,89,"Mar 11, 2005",The Upside of Anger,12000000,18761993,28915761,10153768,16915761,True
3389,90,"Mar 3, 2006",Aquamarine,12000000,18597342,22978953,4381611,10978953,True
3390,91,"Nov 15, 2013",Nebraska,12000000,17654912,24761360,7106448,12761360,True
3391,92,"Jan 9, 2004",My Baby's Daddy,12000000,17321573,17322212,639,5322212,True
3392,93,"Oct 5, 2001",Max Keeble's Big Move,12000000,17292381,17292381,0,5292381,True
3393,94,"Dec 9, 2011",Young Adult,12000000,16311571,22750356,6438785,10750356,True
3394,95,"Nov 1, 2013",About Time,12000000,15323921,89309178,73985257,77309178,True
3395,96,"Dec 14, 2018",If Beale Street Could Talk,12000000,14915773,19859167,4943394,7859167,True
3396,97,"Jul 14, 2017",Wish Upon,12000000,14301505,23477345,9175840,11477345,True
3397,98,"Aug 6, 1997",Def Jam's How To Be a Player,12000000,14010363,14010363,0,2010363,True
3398,99,"Oct 30, 1998",Living Out Loud,12000000,12905901,12905901,0,905901,True
3399,100,"Oct 3, 2008",Rachel Getting Married,12000000,12796861,17475475,4678614,5475475,True
3400,1,"Mar 20, 1981",The Postman Always Rings Twice,12000000,12200000,44200000,32000000,32200000,True
3401,2,"Dec 12, 2003",Girl with a Pearl Earring,12000000,11634362,43274797,31640435,31274797,True
3402,3,"Feb 10, 1982",Das Boot,12000000,11487676,84970337,73482661,72970337,True
3403,4,"Apr 21, 2017",Unforgettable,12000000,11368012,16221211,4853199,4221211,True
3404,5,"Dec 3, 2004",House of Flying Daggers,12000000,11050094,92863945,81813851,80863945,True
3405,6,"Mar 22, 2002",Sorority Boys,12000000,10198766,12516222,2317456,516222,True
3406,7,"Oct 13, 2017",Marshall,12000000,10051659,10116816,65157,-1883184,False
3407,8,"Dec 5, 2008",Cadillac Records,12000000,8195551,8942516,746965,-3057484,False
3408,9,"Sep 14, 2012",Arbitrage,12000000,7919574,35830713,27911139,23830713,True
3409,10,"Oct 24, 1960",The Alamo,12000000,7900000,7900000,0,-4100000,False
3410,11,"May 12, 2000",Screwed,12000000,6982680,6982680,0,-5017320,False
3411,12,"Oct 20, 2006",Running With Scissors,12000000,6860000,8706701,1846701,-3293299,False
3412,13,"Sep 3, 1993",Fortress,12000000,6730578,46730578,40000000,34730578,True
3413,14,"Jun 1, 2012",For Greater Glory: The True Story of Cristiada,12000000,5669081,10026255,4357174,-1973745,False
3414,15,"Nov 17, 2006",For Your Consideration,12000000,5549923,5549923,0,-6450077,False
3415,16,"Nov 20, 1998",Celebrity,12000000,5078660,6200000,1121340,-5800000,False
3416,17,"Jun 20, 2003",From Justin to Kelly,12000000,4922166,4922166,0,-7077834,False
3417,18,"Jun 6, 1986",Invaders from Mars,12000000,4884663,4984663,100000,-7015337,False
3418,19,"Mar 22, 1996",Girl 6,12000000,4880941,4880941,0,-7119059,False
3419,20,"Oct 22, 2003",In the Cut,12000000,4717455,23693646,18976191,11693646,True
3420,21,"Feb 22, 2008",Charlie Bartlett,12000000,3950294,5295909,1345615,-6704091,False
3421,22,"Feb 13, 2009",Two Lovers,12000000,3149034,16349034,13200000,4349034,True
3422,23,"Nov 15, 2013",La grande bellezza,12000000,2883879,29549145,26665266,17549145,True
3423,24,"Feb 15, 2002",Last Orders,12000000,2326407,2326407,0,-9673593,False
3424,25,"Mar 9, 2007",Gwoemul,12000000,2201923,92618117,90416194,80618117,True
3425,26,"Nov 13, 1981",The Pursuit of D.B. Cooper,12000000,2104164,2104164,0,-9895836,False
3426,27,"Mar 19, 1999",Ravenous,12000000,2062406,2062406,0,-9937594,False
3427,28,"Jun 14, 2002",The Dangerous Lives of Altar Boys,12000000,1779284,1779284,0,-10220716,False
3428,29,"Mar 1, 2013",Stoker,12000000,1703125,12034913,10331788,34913,True
3429,30,"Mar 7, 2008",Married Life,12000000,1506998,2975188,1468190,-9024812,False
3430,31,"Aug 5, 2005",2046,12000000,1442338,19287485,17845147,7287485,True
3431,32,"Mar 11, 2011",Kill the Irishman,12000000,1188194,1188194,0,-10811806,False
3432,33,"Sep 30, 2005",Duma,12000000,870067,994790,124723,-11005210,False
3433,34,"Apr 20, 2012",Darling Companion,12000000,793352,1200346,406994,-10799654,False
3434,35,"Jun 4, 2010",Ondine,12000000,550472,557545,7073,-11442455,False
3435,36,"Jul 20, 2001",Brother,12000000,450594,450594,0,-11549406,False
3436,37,"Oct 4, 2002",Welcome to Collinwood,12000000,378650,4606284,4227634,-7393716,False
3437,38,"Apr 18, 2008",Life Before Her Eyes,12000000,303439,7203439,6900000,-4796561,False
3438,39,"Oct 31, 1997",Critical Care,12000000,220175,220175,0,-11779825,False
3439,40,"Sep 28, 2007",Trade,12000000,214202,1513388,1299186,-10486612,False
3440,41,"Jan 6, 2006",Fateless,12000000,196857,196857,0,-11803143,False
3441,42,"Sep 3, 2010",San qiang pai an jing qi,12000000,190946,310946,120000,-11689054,False
3442,43,"Sep 17, 1999",Breakfast of Champions,12000000,178287,178287,0,-11821713,False
3443,44,"Mar 9, 2001",Company Man,12000000,146028,622273,476245,-11377727,False
3444,45,"Nov 7, 2009",Nanjing! Nanjing!,12000000,122558,20122558,20000000,8122558,True
3445,46,"Oct 9, 2015",Trash,12000000,17484,6553186,6535702,-5446814,False
3446,47,"Aug 19, 2011",5 Days of War,12000000,17479,87793,70314,-11912207,False
3447,48,"Nov 11, 2015",10 Days in a Madhouse,12000000,14616,14616,0,-11985384,False
3448,49,"Apr 7, 2009",1612,12000000,0,5400624,5400624,-6599376,False
3449,50,"Dec 31, 2015",San cheng ji,12000000,0,1950194,1950194,-10049806,False
3450,51,"Dec 31, 2011",Tu Xia Chuan Qi,12000000,0,1828400,1828400,-10171600,False
3451,52,"Feb 10, 2010",Triangle,12000000,0,1594955,1594955,-10405045,False
3452,53,"Oct 19, 2013",Supesu Batorushippu Yamato,12000000,0,0,0,-12000000,False
3453,54,"Oct 3, 2014",Drive Hard,12000000,0,0,0,-12000000,False
3454,55,"Oct 30, 2015",Dancin' It's On,12000000,0,0,0,-12000000,False
3455,56,"Jun 5, 2009",Home,12000000,0,0,0,-12000000,False
3456,57,"Sep 23, 2016",The Dressmaker,11900000,2022115,24041617,22019502,12141617,True
3457,58,"Dec 10, 1999",Diamonds,11900000,81897,81897,0,-11818103,False
3458,59,"Mar 20, 1998",Madadayo,11900000,48856,48856,0,-11851144,False
3459,60,"Nov 20, 2015",Carol,11800000,12711491,42843521,30132030,31043521,True
3460,61,"Apr 21, 1989",Pet Sematary,11500000,57469179,57469179,0,45969179,True
3461,62,"Jan 22, 2016",Dirty Grandpa,11500000,35593113,105078449,69485336,93578449,True
3462,63,"Nov 27, 2009",The Cry of the Owl,11500000,0,0,0,-11500000,False
3463,64,"Oct 9, 2009",St. Trinianâs,11400000,15000,29830239,29815239,18430239,True
3464,65,"May 25, 1977",Star Wars Ep. IV: A New Hope,11000000,460998007,786598007,325600000,775598007,True
3465,66,"Jun 8, 1984",Gremlins,11000000,148168459,148199515,31056,137199515,True
3466,67,"Dec 22, 1965",Doctor Zhivago,11000000,111897830,112036323,138493,101036323,True
3467,68,"Dec 10, 2010",The Fighter,11000000,93617009,129262388,35645379,118262388,True
3468,69,"Oct 24, 2008",High School Musical 3: Senior Year,11000000,90559416,274392880,183833464,263392880,True
3469,70,"Dec 27, 1991",Fried Green Tomatoes,11000000,81204830,81204830,0,70204830,True
3470,71,"Sep 22, 2006",Jackass: Number Two,11000000,72778712,85278712,12500000,74278712,True
3471,72,"Mar 13, 1992",My Cousin Vinny,11000000,52929168,52929168,0,41929168,True
3472,73,"Aug 22, 2014",If I Stay,11000000,50474843,78356170,27881327,67356170,True
3473,74,"Apr 7, 1989",Major League,11000000,49793054,49793054,0,38793054,True
3474,75,"Apr 4, 2003",Phone Booth,11000000,46566212,97837138,51270926,86837138,True
3475,76,"Jan 25, 2002",A Walk to Remember,11000000,41227069,46060861,4833792,35060861,True
3476,77,"Dec 29, 1995",Dead Man Walking,11000000,39387284,83088295,43701011,72088295,True
3477,78,"Mar 5, 1999",Cruel Intentions,11000000,38665260,76238901,37573641,65238901,True
3478,79,"Nov 4, 2015",Brooklyn,11000000,38322743,62076141,23753398,51076141,True
3479,80,"Oct 17, 2008",The Secret Life of Bees,11000000,37780486,39994347,2213861,28994347,True
3480,81,"Apr 1, 2015",Woman in Gold,11000000,33307793,58586407,25278614,47586407,True
3481,82,"Jun 12, 1981",History of the World: Part I,11000000,31672000,31672000,0,20672000,True
3482,83,"Dec 8, 2017","I, Tonya",11000000,30014534,53797409,23782875,42797409,True
3483,84,"Oct 23, 2009",Saw VI,11000000,27693292,69752402,42059110,58752402,True
3484,85,"Oct 12, 2001",Corky Romano,11000000,23978402,25116103,1137701,14116103,True
3485,86,"Feb 14, 2019",Fighting With My Family,11000000,22958583,39049922,16091339,28049922,True
3486,87,"Aug 7, 1992",Raising Cain,11000000,21171695,21171695,0,10171695,True
3487,88,"Apr 13, 1978",F.I.S.T,11000000,20388920,20388920,0,9388920,True
3488,89,"Jan 1, 1975",Barry Lyndon,11000000,20000000,20169934,169934,9169934,True
3489,90,"Jan 11, 2013",Quartet,11000000,18388357,56178935,37790578,45178935,True
3490,91,"Nov 21, 2001",Out Cold,11000000,13906394,14786394,880000,3786394,True
3491,92,"Oct 13, 2000",The Ladies Man,11000000,13592872,13719474,126602,2719474,True
3492,93,"Mar 30, 2001",Tomcats,11000000,13558739,13558739,0,2558739,True
3493,94,"Dec 6, 2013",Inside Llewyn Davis,11000000,13248209,32943247,19695038,21943247,True
3494,95,"Apr 12, 2002",Frailty,11000000,13110448,19947280,6836832,8947280,True
3495,96,"Feb 19, 1993",Army of Darkness,11000000,11502976,21502976,10000000,10502976,True
3496,97,"Nov 12, 2004",Kinsey,11000000,10214647,17443529,7228882,6443529,True
3497,98,"May 10, 2013",Peeples,11000000,9177065,9307166,130101,-1692834,False
3498,99,"Dec 25, 1993",What's Eating Gilbert Grape,11000000,9170214,9170214,0,-1829786,False
3499,100,"Jul 6, 2016",Sultan,11000000,5599781,72989781,67390000,61989781,True
3500,1,"Feb 1, 2002",Slackers,11000000,4814244,5942218,1127974,-5057782,False
3501,2,"Sep 26, 2003",The Gospel of John,11000000,4068087,4234355,166268,-6765645,False
3502,3,"Oct 10, 2004",Vera Drake,11000000,3753806,13353855,9600049,2353855,True
3503,4,"Jan 31, 2003",The Guru,11000000,3051221,24150550,21099329,13150550,True
3504,5,"Dec 14, 1995",Othello,11000000,2844379,2844379,0,-8155621,False
3505,6,"May 12, 1995",The Perez Family,11000000,2794056,2794056,0,-8205944,False
3506,7,"Jan 1, 1970",The Molly Maguires,11000000,2200000,2200000,0,-8800000,False
3507,8,"Jan 1, 1991",Return to the Blue Lagoon,11000000,2000000,2000000,0,-9000000,False
3508,9,"Sep 7, 2007",Romance and Cigarettes,11000000,551002,3231251,2680249,-7768749,False
3509,10,"Nov 10, 2006",Copying Beethoven,11000000,355968,6586324,6230356,-4413676,False
3510,11,"Aug 26, 2011",Brighton Rock,11000000,229653,229653,0,-10770347,False
3511,12,"Nov 16, 2012",Le prÃ©nom,11000000,61611,25307405,25245794,14307405,True
3512,13,"May 8, 2015",La famille BÃ©lier,11000000,0,82438670,82438670,71438670,True
3513,14,"May 4, 2012",LOL,11000000,0,10431506,10431506,-568494,False
3514,15,"Feb 5, 2016",Misconduct,11000000,0,2352511,2352511,-8647489,False
3515,16,"Dec 31, 2019",Eli,11000000,0,0,0,-11000000,False
3516,17,"Oct 24, 2008",Saw V,10800000,56746769,118209778,61463009,107409778,True
3517,18,"May 25, 2012",Les Intouchables,10800000,13182281,484873045,471690764,474073045,True
3518,19,"Apr 27, 2007",Jindabyne,10800000,399879,2862544,2462665,-7937456,False
3519,20,"Aug 11, 2006",Kabhi Alvida Naa Kehna,10750000,3275443,32575443,29300000,21825443,True
3520,21,"May 25, 1979",Alien,10700000,80930630,203628947,122698317,192928947,True
3521,22,"Jun 4, 1982",Poltergeist,10700000,74706019,121706019,47000000,111006019,True
3522,23,"Jun 18, 1999",An Ideal Husband,10700000,18542974,31341183,12798209,20641183,True
3523,24,"Dec 25, 2004",Darkness,10600000,22163442,34409206,12245764,23809206,True
3524,25,"Dec 6, 2013",The Last Days on Mars,10600000,24084,261364,237280,-10338636,False
3525,26,"Jun 11, 1982",ET: The Extra-Terrestrial,10500000,435110554,792965326,357854772,782465326,True
3526,27,"Apr 2, 1968",2001: A Space Odyssey,10500000,59936321,71928046,11991725,61428046,True
3527,28,"Apr 20, 2007",In the Land of Women,10500000,11052958,14140402,3087444,3640402,True
3528,29,"Dec 31, 1994",There Goes My Baby,10500000,125169,125169,0,-10374831,False
3529,30,"Feb 20, 2004",The Blue Butterfly,10400000,1610194,1610194,0,-8789806,False
3530,31,"Nov 2, 2001",Le Fabuleux destin d'AmÃ©lie Poulain,10350000,33201661,174201661,141000000,163851661,True
3531,32,"Jan 4, 2019",PMC: deo beong-keo,10300000,0,12478635,12478635,2178635,True
3532,33,"Feb 18, 1983",Lovesick,10100000,10143618,10143618,0,43618,True
3533,34,"Apr 30, 2010",Housefull,10100000,1183658,18726300,17542642,8626300,True
3534,35,"Aug 24, 2007",September Dawn,10100000,1066555,1066555,0,-9033445,False
3535,36,"Oct 19, 2018",Halloween,10000000,159342015,254900667,95558652,244900667,True
3536,37,"Dec 5, 1997",Good Will Hunting,10000000,138433435,225925989,87492554,215925989,True
3537,38,"Oct 22, 2004",The Grudge,10000000,110359362,187281115,76921753,177281115,True
3538,39,"Aug 26, 2016",Donât Breathe,10000000,89217875,158973685,69755810,148973685,True
3539,40,"Jun 26, 1981",Stripes,10000000,85300000,85300000,0,75300000,True
3540,41,"Oct 27, 2006",Saw III,10000000,80238724,163876815,83638091,153876815,True
3541,42,"Jul 1, 2016",The Purge: Election Year,10000000,79042440,118514727,39472287,108514727,True
3542,43,"May 18, 2018",Book Club,10000000,68566296,91113683,22547387,81113683,True
3543,44,"Aug 25, 2000",Bring it On,10000000,68353550,90453550,22100000,80453550,True
3544,45,"Jan 5, 2018",Insidious: The Last Key,10000000,67745330,167885588,100140258,157885588,True
3545,46,"Jan 29, 1999",She's All That,10000000,63465522,63465522,0,53465522,True
3546,47,"Oct 26, 2007",Saw IV,10000000,63300095,135759694,72459599,125759694,True
3547,48,"Feb 24, 2006",Madea's Family Reunion,10000000,63257940,63320521,62581,53320521,True
3548,49,"Jan 7, 2005",White Noise,10000000,56094360,92094360,36000000,82094360,True
3549,50,"Oct 17, 1986",The Color of Money,10000000,52293000,52293000,0,42293000,True
3550,51,"Jun 5, 2015",Insidious Chapter 3,10000000,52218558,120453155,68234597,110453155,True
3551,52,"Oct 2, 1992",The Mighty Ducks,10000000,50752337,50752337,0,40752337,True
3552,53,"Nov 3, 2017",Lady Bird,10000000,48958273,78610769,29652496,68610769,True
3553,54,"Nov 6, 2009",Precious (Based on the Novel Push by Sapphire),10000000,47566524,68722848,21156324,58722848,True
3554,55,"May 4, 2012",The Best Exotic Marigold Hotel,10000000,46383639,134639780,88256141,124639780,True
3555,56,"Jun 8, 2018",Hereditary,10000000,44069456,70133905,26064449,60133905,True
3556,57,"Mar 16, 2018","Love, Simon",10000000,40826341,65520633,24694292,55520633,True
3557,58,"Feb 17, 1989",Bill & Ted's Excellent Adventure,10000000,40485039,40485039,0,30485039,True
3558,59,"Oct 4, 1962",The Longest Day,10000000,39100000,50100000,11000000,40100000,True
3559,60,"Feb 16, 1996",Happy Gilmore,10000000,38623460,41004412,2380952,31004412,True
3560,61,"Oct 27, 2017",Jigsaw,10000000,38052832,102445196,64392364,92445196,True
3561,62,"Aug 31, 2001",Jeepers Creepers,10000000,37904175,58939035,21034860,48939035,True
3562,63,"Jun 28, 1985",St. Elmoâs Fire,10000000,37800000,37800000,0,27800000,True
3563,64,"Dec 11, 1968",Oliver!,10000000,37402877,37402877,0,27402877,True
3564,65,"Feb 16, 2001",Recess: School's Out,10000000,36696761,44451470,7754709,34451470,True
3565,66,"Jul 10, 1985",Mad Max Beyond Thunderdome,10000000,36230219,36230219,0,26230219,True
3566,67,"Nov 3, 1977",Peteâs Dragon,10000000,36000000,36000000,0,26000000,True
3567,68,"Jan 22, 2016",The Boy,10000000,35819556,68220952,32401396,58220952,True
3568,69,"Oct 4, 1985",Commando,10000000,35073978,35073978,0,25073978,True
3569,70,"May 19, 2017","Everything, Everything",10000000,34121140,61603136,27481996,51603136,True
3570,71,"Sep 17, 2010",Devil,10000000,33679655,63354114,29674459,53354114,True
3571,72,"Nov 22, 2002",Friday After Next,10000000,33253609,33526835,273226,23526835,True
3572,73,"Mar 6, 2015",The Second Best Exotic Marigold Hotel,10000000,33078266,90384306,57306040,80384306,True
3573,74,"Mar 22, 1985",The Last Dragon,10000000,33000000,33000000,0,23000000,True
3574,75,"Apr 28, 2017",How to Be a Latin Lover,10000000,32149404,62556228,30406824,52556228,True
3575,76,"Mar 6, 1992",The Lawnmower Man,10000000,32100816,32100816,0,22100816,True
3576,77,"Oct 3, 2008",Nick and Norah's Infinite Playlist,10000000,31487293,33886017,2398724,23886017,True
3577,78,"Dec 19, 2003",Calendar Girls,10000000,31011616,93074616,62063000,83074616,True
3578,79,"Nov 12, 1999",Dogma,10000000,30651422,43948865,13297443,33948865,True
3579,80,"Aug 10, 2018",Slender Man,10000000,30564825,51723644,21158819,41723644,True
3580,81,"Sep 20, 2002",The Banger Sisters,10000000,30306281,38067218,7760937,28067218,True
3581,82,"Dec 8, 2000",Snatch,10000000,30093107,83593107,53500000,73593107,True
3582,83,"May 19, 1989",Road House,10000000,30050028,30050028,0,20050028,True
3583,84,"Jul 27, 2018",Teen Titans Go! To The Movies,10000000,29790236,51620593,21830357,41620593,True
3584,85,"Sep 9, 2016",When the Bough Breaks,10000000,29747603,30768449,1020846,20768449,True
3585,86,"Jun 24, 1983",Twilight Zone: The Movie,10000000,29500000,29500000,0,19500000,True
3586,87,"Nov 23, 1994",A Low Down Dirty Shame,10000000,29317886,29317886,0,19317886,True
3587,88,"Aug 30, 2013",One Direction: This is Us,10000000,28873374,68541786,39668412,58541786,True
3588,89,"Sep 6, 2002",Swimfan,10000000,28564995,34084228,5519233,24084228,True
3589,90,"Oct 6, 2006",Employee of the Month,10000000,28444855,38364855,9920000,28364855,True
3590,91,"Aug 21, 2015",Sinister 2,10000000,27740955,54104225,26363270,44104225,True
3591,92,"Jan 8, 2016",The Forest,10000000,26594261,40749230,14154969,30749230,True
3592,93,"Nov 6, 2009",The Fourth Kind,10000000,26218170,49486874,23268704,39486874,True
3593,94,"Mar 25, 1983",The Outsiders,10000000,25697647,25697647,0,15697647,True
3594,95,"Jun 12, 1998",Can't Hardly Wait,10000000,25358996,25358996,0,15358996,True
3595,96,"Aug 17, 2012",Sparkle,10000000,24397469,24660323,262854,14660323,True
3596,97,"Oct 14, 2016",Kevin Hart: What Now?,10000000,23591043,23591043,0,13591043,True
3597,98,"Apr 26, 2013",Mud,10000000,21590086,31556959,9966873,21556959,True
3598,99,"Nov 12, 2010",Skyline,10000000,21416355,68264973,46848618,58264973,True
3599,100,"Dec 1, 2017",The Disaster Artist,10000000,21120616,28717667,7597051,18717667,True
3600,1,"Sep 16, 2016",Blair Witch,10000000,20777061,38985577,18208516,28985577,True
3601,2,"Oct 21, 1983",The Dead Zone,10000000,20766000,20766000,0,10766000,True
3602,3,"Feb 2, 2001",Valentine,10000000,20384136,20384136,0,10384136,True
3603,4,"Jun 9, 2006",A Prairie Home Companion,10000000,20342852,26716191,6373339,16716191,True
3604,5,"Feb 23, 2007",Reno 911!: Miami,10000000,20342161,21851362,1509201,11851362,True
3605,6,"Jul 24, 1998",Jane Austen's Mafia,10000000,19843795,30143795,10300000,20143795,True
3606,7,"Oct 23, 2015",Paranormal Activity: The Ghost Dimension,10000000,18297124,77959374,59662250,67959374,True
3607,8,"Feb 25, 1994",Sugar Hill,10000000,18272447,18423914,151467,8423914,True
3608,9,"Jun 20, 2008",Kit Kittredge: An American Girl,10000000,17657973,17657973,0,7657973,True
3609,10,"Sep 27, 1985",Invasion U.S.A.,10000000,17536256,17536256,0,7536256,True
3610,11,"Sep 23, 2005",Roll Bounce,10000000,17380866,17433072,52206,7433072,True
3611,12,"Dec 11, 1998",Rushmore,10000000,17105219,19080435,1975216,9080435,True
3612,13,"Jan 19, 1990",Tremors,10000000,16667084,16667084,0,6667084,True
3613,14,"Jun 17, 2005",The Perfect Man,10000000,16535005,19535005,3000000,9535005,True
3614,15,"Aug 3, 1990",Mo' Better Blues,10000000,16153000,16153000,0,6153000,True
3615,16,"Jan 25, 2002",Kung Pow: Enter the Fist,10000000,16033556,17033556,1000000,7033556,True
3616,17,"Oct 7, 2016",The Birth of a Nation,10000000,15861566,16891011,1029445,6891011,True
3617,18,"May 30, 2003",Wrong Turn,10000000,15417771,28649556,13231785,18649556,True
3618,19,"May 16, 1980",The Long Riders,10000000,15198912,15198912,0,5198912,True
3619,20,"Mar 12, 1999",The Corruptor,10000000,15164492,15164492,0,5164492,True
3620,21,"Aug 14, 2009","The Goods: Live Hard, Sell Hard",10000000,15122676,15297318,174642,5297318,True
3621,22,"Nov 23, 2011",My Week with Marilyn,10000000,14597405,34240572,19643167,24240572,True
3622,23,"Dec 25, 2014",Big Eyes,10000000,14482031,27317872,12835841,17317872,True
3623,24,"Aug 5, 2005",Broken Flowers,10000000,13744960,40744960,27000000,30744960,True
3624,25,"Jun 28, 2002",Hey Arnold! The Movie,10000000,13684949,13684949,0,3684949,True
3625,26,"Dec 30, 2005",The Matador,10000000,12589255,17300838,4711583,7300838,True
3626,27,"Mar 14, 1997",Love Jones,10000000,12554569,12554569,0,2554569,True
3627,28,"Dec 19, 2000",The Gift,10000000,12008642,44567606,32558964,34567606,True
3628,29,"Jan 20, 2006",End of the Spear,10000000,11748661,11924041,175380,1924041,True
3629,30,"Mar 9, 2001",Get Over It,10000000,11560259,19860259,8300000,9860259,True
3630,31,"Oct 20, 2000",The Legend of Drunken Master,10000000,11546543,11546543,0,1546543,True
3631,32,"Feb 19, 1999",Office Space,10000000,10827813,12179708,1351895,2179708,True
3632,33,"Jul 23, 1999",Drop Dead Gorgeous,10000000,10571408,10571408,0,571408,True
3633,34,"Apr 5, 2019",The Best of Enemies,10000000,10205616,10205616,0,205616,True
3634,35,"Apr 3, 1998",The Spanish Prisoner,10000000,10162034,13835130,3673096,3835130,True
3635,36,"Jun 11, 1999",Le Violon rouge,10000000,10019109,10019109,0,19109,True
3636,37,"Nov 25, 1998",Very Bad Things,10000000,9949470,21094974,11145504,11094974,True
3637,38,"Jul 9, 2004",Sleepover,10000000,9408183,9408183,0,-591817,False
3638,39,"Jan 25, 2013",Movie 43,10000000,8840453,31164747,22324294,21164747,True
3639,40,"Oct 19, 2018",Can You Ever Forgive Me?,10000000,8803865,11752387,2948522,1752387,True
3640,41,"Oct 26, 1984",Body Double,10000000,8801940,8801940,0,-1198060,False
3641,42,"May 21, 2010",MacGruber,10000000,8525600,8629895,104295,-1370105,False
3642,43,"Jul 18, 2003",Dirty Pretty Things,10000000,8112414,14156753,6044339,4156753,True
3643,44,"Mar 14, 2014",Bad Words,10000000,7779614,7843145,63531,-2156855,False
3644,45,"Mar 27, 2015",While We're Young,10000000,7582065,17503828,9921763,7503828,True
3645,46,"Feb 1, 2008",Over Her Dead Body,10000000,7570127,21596074,14025947,11596074,True
3646,47,"Oct 24, 2001",Bones,10000000,7316658,8378853,1062195,-1621147,False
3647,48,"Jun 22, 2012",Seeking a Friend for the End of the World,10000000,7078738,11766959,4688221,1766959,True
3648,49,"Dec 1, 2006",Turistas,10000000,7027762,14321070,7293308,4321070,True
3649,50,"Nov 11, 2016",Shut In,10000000,6900335,11360665,4460330,1360665,True
3650,51,"Feb 11, 2011",Cedar Rapids,10000000,6861102,7862131,1001029,-2137869,False
3651,52,"Nov 30, 2012",The Collection,10000000,6810754,8890094,2079340,-1109906,False
3652,53,"Oct 30, 1998",American History X,10000000,6719864,6719864,0,-3280136,False
3653,54,"Jan 16, 2004",Teacher's Pet: The Movie,10000000,6491969,6491969,0,-3508031,False
3654,55,"Oct 15, 1999",The Straight Story,10000000,6197866,6197866,0,-3802134,False
3655,56,"May 3, 2002",Deuces Wild,10000000,6044618,6244618,200000,-3755382,False
3656,57,"Mar 28, 2008","Run, Fatboy, Run",10000000,6003262,33512260,27508998,23512260,True
3657,58,"Dec 18, 1981",Heartbeeps,10000000,6000000,6000000,0,-4000000,False
3658,59,"Mar 20, 2015",Danny Collins,10000000,5637066,8465845,2828779,-1534155,False
3659,60,"Jul 4, 2007",Rescue Dawn,10000000,5490423,7037886,1547463,-2962114,False
3660,61,"Apr 5, 2000",Black and White,10000000,5241315,5241315,0,-4758685,False
3661,62,"Jun 18, 2010",Io sono lâamore,10000000,5005465,15121528,10116063,5121528,True
3662,63,"Oct 26, 2001",On the Line,10000000,4365455,4690802,325347,-5309198,False
3663,64,"Jun 15, 2018",Gotti,10000000,4286367,6089100,1802733,-3910900,False
3664,65,"Mar 16, 2012","Jeff, Who Lives at Home",10000000,4269426,4708127,438701,-5291873,False
3665,66,"Sep 30, 2016",Denial,10000000,4073448,9263940,5190492,-736060,False
3666,67,"Apr 29, 2016",The Man Who Knew Infinity,10000000,3877922,12382122,8504200,2382122,True
3667,68,"Oct 14, 2016",Max Steel,10000000,3818664,4563080,744416,-5436920,False
3668,69,"Mar 30, 2016",Everybody Wants Some,10000000,3400278,5437126,2036848,-4562874,False
3669,70,"Oct 4, 1996",Crash,10000000,3357324,3357324,0,-6642676,False
3670,71,"Oct 12, 2012",Atlas Shrugged: Part II,10000000,3336053,3336053,0,-6663947,False
3671,72,"Feb 4, 1994",Romeo Is Bleeding,10000000,3275585,3275585,0,-6724415,False
3672,73,"Oct 8, 1999",The Limey,10000000,3193102,6030047,2836945,-3969953,False
3673,74,"Nov 14, 2014",Rosewater,10000000,3128941,3185717,56776,-6814283,False
3674,75,"Dec 22, 2000",The House of Mirth,10000000,3041803,5149131,2107328,-4850869,False
3675,76,"May 1, 1987",Malone,10000000,3000000,3000000,0,-7000000,False
3676,77,"Jun 2, 2006",Peaceful Warrior,10000000,2893666,3260179,366513,-6739821,False
3677,78,"Sep 9, 2011",Bucky Larson: Born to Be a Star,10000000,2529395,2529395,0,-7470605,False
3678,79,"Oct 6, 2000",Bamboozled,10000000,2185266,2373937,188671,-7626063,False
3679,80,"Feb 11, 1981",Sphinx,10000000,2000000,11400000,9400000,1400000,True
3680,81,"May 3, 2013",The Iceman,10000000,1930282,3623609,1693327,-6376391,False
3681,82,"Jun 5, 2015",Testament of Youth,10000000,1822250,6646669,4824419,-3353331,False
3682,83,"Apr 21, 2017",Free Fire,10000000,1799322,3793739,1994417,-6206261,False
3683,84,"Jun 24, 2011",A Better Life,10000000,1759252,1884251,124999,-8115749,False
3684,85,"Feb 28, 2003",Spider,10000000,1641788,1641788,0,-8358212,False
3685,86,"Feb 4, 2000",Gun Shy,10000000,1638202,1638202,0,-8361798,False
3686,87,"Dec 27, 2002",Nicholas Nickleby,10000000,1562800,1562800,0,-8437200,False
3687,88,"Apr 16, 2010",The Joneses,10000000,1475746,3541565,2065819,-6458435,False
3688,89,"Jun 23, 2006",Krrish,10000000,1430721,32430721,31000000,22430721,True
3689,90,"Jul 27, 2012",Killer Joe,10000000,1291645,4659110,3367465,-5340890,False
3690,91,"Jun 2, 2017",Churchill,10000000,1279681,7582196,6302515,-2417804,False
3691,92,"Aug 11, 2000",Cecil B. Demented,10000000,1276984,1953882,676898,-8046118,False
3692,93,"Mar 21, 2014",50 to 1,10000000,1069454,1069454,0,-8930546,False
3693,94,"May 2, 2003",Owning Mahowny,10000000,1011054,1011054,0,-8988946,False
3694,95,"Oct 19, 2007",The Ten Commandments,10000000,952820,1051907,99087,-8948093,False
3695,96,"Sep 7, 2007",The Brothers Solomon,10000000,900926,900926,0,-9099074,False
3696,97,"Apr 4, 2008",My Blueberry Nights,10000000,866778,22198996,21332218,12198996,True
3697,98,"Aug 6, 1999",Illuminata,10000000,836641,836641,0,-9163359,False
3698,99,"Jan 20, 2012",Coriolanus,10000000,749641,2179623,1429982,-7820377,False
3699,100,"Oct 4, 2013",Parkland,10000000,641439,1616353,974914,-8383647,False
3700,1,"Oct 11, 2002",Swept Away,10000000,598645,598645,0,-9401355,False
3701,2,"May 23, 2008","War, Inc.",10000000,580862,1299855,718993,-8700145,False
3702,3,"Apr 2, 2004",Shaolin Soccer,10000000,488872,42776032,42287160,32776032,True
3703,4,"Aug 27, 2004",The Brown Bunny,10000000,366301,630427,264126,-9369573,False
3704,5,"Sep 14, 2007",King of California,10000000,268461,1165102,896641,-8834898,False
3705,6,"Oct 24, 1997",Rien ne va plus,10000000,245359,5045359,4800000,-4954641,False
3706,7,"Aug 14, 1998",La femme de chambre du Titanic,10000000,244465,244465,0,-9755535,False
3707,8,"Dec 17, 2004",Imaginary Heroes,10000000,228524,290875,62351,-9709125,False
3708,9,"Oct 26, 2001",High Heels and Low Lifes,10000000,226792,226792,0,-9773208,False
3709,10,"Aug 21, 2009",World's Greatest Dad,10000000,221805,295750,73945,-9704250,False
3710,11,"May 3, 2013","Cinco de Mayo, La Batalla",10000000,173472,173472,0,-9826528,False
3711,12,"Oct 29, 2010",Welcome to the Rileys,10000000,152857,355919,203062,-9644081,False
3712,13,"Sep 9, 2016",Kicks,10000000,150191,150191,0,-9849809,False
3713,14,"Oct 9, 2009",Free Style,10000000,141108,721108,580000,-9278892,False
3714,15,"Jun 1, 2012",High School,10000000,139034,248133,109099,-9751867,False
3715,16,"May 18, 2007",Severance,10000000,137221,5950002,5812781,-4049998,False
3716,17,"Jul 14, 2006",Edmond,10000000,131719,241719,110000,-9758281,False
3717,18,"Apr 23, 2010",Joheunnom nabbeunnom isanghannom,10000000,128486,42226657,42098171,32226657,True
3718,19,"Aug 26, 1994",Police Academy 7: Mission to Moscow,10000000,126247,126247,0,-9873753,False
3719,20,"Feb 19, 2010",Blood Done Sign My Name,10000000,109383,109383,0,-9890617,False
3720,21,"Feb 19, 2010",The Good Guy,10000000,100688,106460,5772,-9893540,False
3721,22,"Oct 23, 2009",Motherhood,10000000,93388,723388,630000,-9276612,False
3722,23,"Oct 15, 2004",Eulogy,10000000,70527,70527,0,-9929473,False
3723,24,"Nov 7, 2014",Elsa & Fred,10000000,67657,197901,130244,-9802099,False
3724,25,"Feb 27, 1998",An Alan Smithee Film: Burn Hollywood Burn,10000000,45779,45779,0,-9954221,False
3725,26,"Aug 28, 2009",The Open Road,10000000,19716,19716,0,-9980284,False
3726,27,"Jul 10, 2015",Strangerland,10000000,17472,161097,143625,-9838903,False
3727,28,"Mar 13, 2015",Hross i oss,10000000,11894,11894,0,-9988106,False
3728,29,"Oct 16, 2009",Janky Promoters,10000000,9069,9069,0,-9990931,False
3729,30,"Dec 21, 2007",Blonde Ambition,10000000,6422,1537479,1531057,-8462521,False
3730,31,"Aug 6, 2010",The Oxford Murders,10000000,4803,17704131,17699328,7704131,True
3731,32,"Dec 26, 2014",Barbecue,10000000,388,247565,247177,-9752435,False
3732,33,"Dec 31, 2010",The Reef,10000000,0,15037867,15037867,5037867,True
3733,34,"Jan 8, 2008",White Noise 2: The Light,10000000,0,8243567,8243567,-1756433,False
3734,35,"Jul 21, 2015",American Heist,10000000,0,2341218,2341218,-7658782,False
3735,36,"Oct 8, 2010",It's a Wonderful Afterlife,10000000,0,1642939,1642939,-8357061,False
3736,37,"Jun 21, 2011",You Got Served: Beat The World,10000000,0,1230542,1230542,-8769458,False
3737,38,"Aug 21, 2009",Fifty Dead Men Walking,10000000,0,997921,997921,-9002079,False
3738,39,"Sep 26, 2014",Plastic,10000000,0,575371,575371,-9424629,False
3739,40,"Mar 10, 2015",Jungle Shuffle,10000000,0,360898,360898,-9639102,False
3740,41,"Sep 22, 2009",Adam Resurrected,10000000,0,90909,90909,-9909091,False
3741,42,"May 26, 2009",The Devil's Tomb,10000000,0,0,0,-10000000,False
3742,43,"Dec 31, 2009",Good Intentions,10000000,0,0,0,-10000000,False
3743,44,"Feb 2, 2007",Partition,10000000,0,0,0,-10000000,False
3744,45,"Apr 13, 2012",Detention,10000000,0,0,0,-10000000,False
3745,46,"Feb 7, 2014",Nurse 3D,10000000,0,0,0,-10000000,False
3746,47,"May 19, 2015",Into the Grizzly Maze,10000000,0,0,0,-10000000,False
3747,48,"Sep 22, 2017",Friend Request,9900000,3759078,11310835,7551757,1410835,True
3748,49,"Apr 30, 2010",Gunless,9900000,458054,458054,0,-9441946,False
3749,50,"Apr 3, 2009",Adventureland,9800000,16044025,17553055,1509030,7753055,True
3750,51,"Dec 19, 2012",Amour,9700000,6738954,36787044,30048090,27087044,True
3751,52,"Apr 28, 2006",The Lost City,9600000,2484186,5256839,2772653,-4343161,False
3752,53,"Jan 12, 2000",Next Friday,9500000,57176582,59675307,2498725,50175307,True
3753,54,"Jun 13, 1967",You Only Live Twice,9500000,43100000,111600000,68500000,102100000,True
3754,55,"Jun 10, 1988",Poltergeist III,9500000,14114000,14114000,0,4614000,True
3755,56,"Dec 21, 2016",Dangal,9500000,12391761,294654618,282262857,285154618,True
3756,57,"Mar 19, 2010",The Runaways,9500000,3573673,5278632,1704959,-4221368,False
3757,58,"Oct 30, 2009",Gentlemen Broncos,9500000,115155,119955,4800,-9380045,False
3758,59,"Dec 31, 2013",Re-Kill,9500000,0,0,0,-9500000,False
3759,60,"Nov 7, 1963",It's a Mad Mad Mad Mad World,9400000,46300000,60000000,13700000,50600000,True
3760,61,"Nov 3, 2006",Volver,9400000,12899867,87226613,74326746,77826613,True
3761,62,"Nov 11, 2011",Melancholia,9400000,3030848,21817298,18786450,12417298,True
3762,63,"Aug 7, 1981",Heavy Metal,9300000,19571091,19571091,0,10271091,True
3763,64,"Nov 13, 2012",Jab Tak Hai Jaan,9200000,3047539,5806666,2759127,-3393334,False
3764,65,"Dec 29, 1995",Richard III,9200000,2684904,4199334,1514430,-5000666,False
3765,66,"May 21, 2010",Kites,9200000,1685269,17155193,15469924,7955193,True
3766,67,"Dec 31, 2011",Red Dog,9100000,0,20927794,20927794,11827794,True
3767,68,"Dec 31, 2010",Mine Vaganti,9100000,0,18872126,18872126,9772126,True
3768,69,"Oct 17, 2003",The Texas Chainsaw Massacre,9000000,80571655,107967319,27395664,98967319,True
3769,70,"Jan 1, 1971",Fiddler on the Roof,9000000,80500000,80500000,0,71500000,True
3770,71,"Jul 18, 2014",The Purge: Anarchy,9000000,71562550,111534881,39972331,102534881,True
3771,72,"Dec 29, 1965",Thunderball,9000000,63600000,141200000,77600000,132200000,True
3772,73,"May 30, 2008",The Strangers,9000000,52597610,83051676,30454066,74051676,True
3773,74,"Nov 6, 1996",Set It Off,9000000,36049108,36049108,0,27049108,True
3774,75,"Oct 21, 2016",Ouija: Origin of Evil,9000000,35144505,81831866,46687361,72831866,True
3775,76,"Oct 22, 1999",The Best Man,9000000,34102780,34572780,470000,25572780,True
3776,77,"Nov 9, 1988",Child's Play,9000000,33244684,44196684,10952000,35196684,True
3777,78,"Feb 13, 2019",Happy Death Day 2U,9000000,28051045,64179495,36128450,55179495,True
3778,79,"Jun 22, 2007",Sicko,9000000,24538513,36535837,11997324,27535837,True
3779,80,"Jan 30, 2015",Black or White,9000000,21571189,21971021,399832,12971021,True
3780,81,"Jan 21, 2000",Down to You,9000000,20035310,20035310,0,11035310,True
3781,82,"Jul 30, 2004",Harold & Kumar Go to White Castle,9000000,18225165,18225165,0,9225165,True
3782,83,"Oct 13, 2000",The Contender,9000000,17804273,17804273,0,8804273,True
3783,84,"Feb 18, 2000",Boiler Room,9000000,16963963,28773637,11809674,19773637,True
3784,85,"Dec 5, 2006",Black Christmas,9000000,16235738,16235738,0,7235738,True
3785,86,"Nov 18, 2016",The Edge of Seventeen,9000000,14431633,19096003,4664370,10096003,True
3786,87,"Dec 2, 2016",Jackie,9000000,13960394,36588512,22628118,27588512,True
3787,88,"Mar 16, 1984",The Ice Pirates,9000000,13075390,13075390,0,4075390,True
3788,89,"May 14, 2004",Breakin' All the Rules,9000000,12232382,12512317,279935,3512317,True
3789,90,"Aug 12, 2011",Glee: The 3D Concert Movie,9000000,11862398,17462398,5600000,8462398,True
3790,91,"Nov 8, 1989",Henry V,9000000,10161099,10176701,15602,1176701,True
3791,92,"Nov 4, 2016",Loving,9000000,7710234,12898064,5187830,3898064,True
3792,93,"Nov 28, 2007",The Savages,9000000,6623082,10642023,4018941,1642023,True
3793,94,"Apr 16, 2003",Chasing Papi,9000000,6126237,12657377,6531140,3657377,True
3794,95,"Sep 8, 2000",The Way of the Gun,9000000,6047856,13061935,7014079,4061935,True
3795,96,"May 17, 2019",The Sun is Also a Star,9000000,4950029,5434029,484000,-3565971,False
3796,97,"Aug 22, 2008",Hamlet 2,9000000,4886216,4934104,47888,-4065896,False
3797,98,"Sep 13, 2002",Igby Goes Down,9000000,4777465,4777465,0,-4222535,False
3798,99,"Apr 29, 1994",PCU,9000000,4333569,4333569,0,-4666431,False
3799,100,"Mar 9, 2007",The Ultimate Gift,9000000,3438735,3438735,0,-5561265,False
3800,1,"Sep 29, 2000",Beautiful,9000000,3134509,3134509,0,-5865491,False
3801,2,"Jun 1, 2007",Gracie,9000000,2956339,3922043,965704,-5077957,False
3802,3,"Mar 22, 2013",The Sapphires,9000000,2450867,20395040,17944173,11395040,True
3803,4,"Aug 26, 2016",Greater,9000000,2000093,2000093,0,-6999907,False
3804,5,"Dec 25, 2018",Destroyer,9000000,1533324,3681096,2147772,-5318904,False
3805,6,"Aug 18, 2006",Trust the Man,9000000,1530535,2548378,1017843,-6451622,False
3806,7,"Aug 26, 2005",Undiscovered,9000000,1069318,1069318,0,-7930682,False
3807,8,"Nov 6, 1998",Velvet Goldmine,9000000,1053788,4313644,3259856,-4686356,False
3808,9,"May 14, 2010",Princess Kaiulani,9000000,883887,883887,0,-8116113,False
3809,10,"Jun 20, 2003",The Legend of Suriyothai,9000000,454255,454255,0,-8545745,False
3810,11,"Oct 25, 1991",Due occhi diabolici,9000000,349618,349618,0,-8650382,False
3811,12,"May 6, 2016",Dheepan,9000000,248795,7704357,7455562,-1295643,False
3812,13,"Jan 22, 2010",La fille du RER,9000000,208163,208163,0,-8791837,False
3813,14,"Oct 25, 2002",All or Nothing,9000000,184255,184255,0,-8815745,False
3814,15,"Feb 5, 2010",Red Riding: The Year of Our Lord 1974,9000000,148826,148826,0,-8851174,False
3815,16,"Jul 31, 2009",Flammen og Citronen,9000000,148089,1635241,1487152,-7364759,False
3816,17,"Apr 2, 2010",Leaves of Grass,9000000,70066,85527,15461,-8914473,False
3817,18,"Nov 22, 2006",Opal Dream,9000000,14443,14443,0,-8985557,False
3818,19,"May 8, 2015",Skin Trade,9000000,1242,1242,0,-8998758,False
3819,20,"Jun 17, 2014",Beneath Hill 60,9000000,0,3440939,3440939,-5559061,False
3820,21,"Jan 20, 2015",Veronika Decides to Die,9000000,0,2243,2243,-8997757,False
3821,22,"Oct 10, 1968",Barbarella,9000000,0,0,0,-9000000,False
3822,23,"Feb 1, 2013",A Haunting in Connecticut 2: The Ghosts of Georgia,9000000,0,0,0,-9000000,False
3823,24,"May 18, 2012",Polisse,8900000,176988,22744132,22567144,13844132,True
3824,25,"Nov 13, 2015",Heist,8900000,50136,3324131,3273995,-5575869,False
3825,26,"Feb 26, 2011",Ultramarines,8900000,0,0,0,-8900000,False
3826,27,"Sep 26, 1986",Crocodile Dundee,8800000,174803506,328203506,153400000,319403506,True
3827,28,"Dec 31, 2004",The I Inside,8800000,0,0,0,-8800000,False
3828,29,"Nov 30, 2007",Awake,8600000,14373825,32968648,18594823,24368648,True
3829,30,"Nov 18, 2016",Manchester by the Sea,8500000,47695371,77733867,30038496,69233867,True
3830,31,"Dec 16, 2009",Crazy Heart,8500000,39471742,47417251,7945509,38917251,True
3831,32,"Aug 15, 2008",Star Wars: The Clone Wars,8500000,35161554,68695443,33533889,60195443,True
3832,33,"Feb 20, 2015",The DUFF,8500000,34030343,43528634,9498291,35028634,True
3833,34,"Oct 31, 2014",Nightcrawler,8500000,32381218,50334418,17953200,41834418,True
3834,35,"Jul 31, 1987",The Lost Boys,8500000,32222567,32222567,0,23722567,True
3835,36,"Jan 16, 2019",Dragon Ball Super: Broly,8500000,30376755,122747755,92371000,114247755,True
3836,37,"Nov 7, 1979",The Rose,8500000,29200000,29200000,0,20700000,True
3837,38,"Sep 27, 2013",Baggage Claim,8500000,21569509,22885836,1316327,14385836,True
3838,39,"Oct 7, 2016",Middle School: The Worst Years of My Life,8500000,20007149,23311293,3304144,14811293,True
3839,40,"Mar 1, 1991",Haakon Haakonsen,8500000,15024232,15024232,0,6524232,True
3840,41,"Apr 23, 1999",Election,8500000,14943582,17202854,2259272,8702854,True
3841,42,"Mar 9, 2007",The Namesake,8500000,13610521,20288774,6678253,11788774,True
3842,43,"Oct 18, 2013",All is Lost,8500000,6263670,10386814,4123144,1886814,True
3843,44,"Feb 27, 2004",Club Dread,8500000,5001655,7573551,2571896,-926449,False
3844,45,"Sep 17, 2009",Bright Star,8500000,4444637,17220091,12775454,8720091,True
3845,46,"Sep 21, 2001",Glitter,8500000,4273372,4273372,0,-4226628,False
3846,47,"Jun 13, 2014",The Rover,8500000,1109199,3180252,2071053,-5319748,False
3847,48,"Apr 23, 2004",Silmido,8500000,298347,30298347,30000000,21798347,True
3848,49,"Nov 7, 2008",Repo! The Genetic Opera,8500000,140244,198883,58639,-8301117,False
3849,50,"Dec 31, 2017",Posledniy bogatyr,8500000,0,30700192,30700192,22200192,True
3850,51,"Nov 1, 2016",A.C.O.R.N.S.: Operation Crackdown,8500000,0,1353287,1353287,-7146713,False
3851,52,"Feb 12, 2010",My Name is Khan,8470000,4046336,42355526,38309190,33885526,True
3852,53,"Mar 23, 2007",Namastey London,8400000,1207007,6831069,5624062,-1568931,False
3853,54,"May 31, 2013",Yeh Jawaani Hai Deewani,8300000,3827466,50827466,47000000,42527466,True
3854,55,"Jun 4, 1999",Limbo,8300000,2160710,2598224,437514,-5701776,False
3855,56,"Mar 16, 2007",The Wind That Shakes the Barley,8300000,1829142,25670174,23841032,17370174,True
3856,57,"Apr 16, 2010",The City of Your Final Destination,8300000,493296,1353296,860000,-6946704,False
3857,58,"Nov 24, 2006",Kurtlar vadisi - Irak,8300000,0,24906717,24906717,16606717,True
3858,59,"Feb 23, 1951",Quo Vadis?,8250000,30000000,30028513,28513,21778513,True
3859,60,"Mar 2, 1965",The Sound of Music,8200000,163214286,286214286,123000000,278014286,True
3860,61,"Feb 17, 1984",Footloose,8200000,80000000,80000000,0,71800000,True
3861,62,"Oct 14, 1994",Pulp Fiction,8000000,107928762,212928762,105000000,204928762,True
3862,63,"Jun 22, 1984",The Karate Kid,8000000,90815558,90815558,0,82815558,True
3863,64,"Jun 22, 1979",The Muppet Movie,8000000,76657000,76657000,0,68657000,True
3864,65,"Mar 9, 1984",Splash,8000000,62599495,62599495,0,54599495,True
3865,66,"Jul 26, 2006",Little Miss Sunshine,8000000,59891098,100642353,40751255,92642353,True
3866,67,"Sep 17, 2010",Easy A,8000000,58401464,76200721,17799257,68200721,True
3867,68,"Aug 8, 1986",Stand by Me,8000000,52287414,52287414,0,44287414,True
3868,69,"Jun 27, 2003",28 Days Laterâ¦,8000000,45064915,82955633,37890718,74955633,True
3869,70,"Jun 22, 1979",Escape from Alcatraz,8000000,43000000,43000000,0,35000000,True
3870,71,"Jan 30, 2004",You Got Served,8000000,40066497,50811858,10745361,42811858,True
3871,72,"May 3, 2019",The Intruder,8000000,35095904,36005871,909967,28005871,True
3872,73,"Sep 30, 2011",50/50,8000000,35016118,41334735,6318617,33334735,True
3873,74,"Apr 3, 1996",A Thin Line Between Love & Hate,8000000,34873513,34873513,0,26873513,True
3874,75,"Sep 2, 2015",A Walk in the Woods,8000000,29499394,37119358,7619964,29119358,True
3875,76,"Oct 11, 2002",Brown Sugar,8000000,27362712,28315272,952560,20315272,True
3876,77,"Mar 13, 1992",Howards End,8000000,26124872,26317943,193071,18317943,True
3877,78,"Jan 31, 2014",That Awkward Moment,8000000,26068955,53068955,27000000,45068955,True
3878,79,"Mar 21, 2008",Shutter,8000000,25928550,47782426,21853876,39782426,True
3879,80,"Dec 25, 1981",Modern Problems,8000000,24474312,24474312,0,16474312,True
3880,81,"Dec 18, 1969",On Her Majesty's Secret Service,8000000,22800000,82000000,59200000,74000000,True
3881,82,"May 7, 1993",Much Ado About Nothing,8000000,22549338,22549338,0,14549338,True
3882,83,"Apr 10, 1992",The Player,8000000,21706101,28876702,7170601,20876702,True
3883,84,"Nov 10, 1982",Creepshow,8000000,20036244,20036244,0,12036244,True
3884,85,"Apr 28, 2006",Akeelah and the Bee,8000000,18848430,18959424,110994,10959424,True
3885,86,"Oct 14, 1994",Wes Craven's New Nightmare,8000000,18090181,18090181,0,10090181,True
3886,87,"Oct 1, 1999",Drive Me Crazy,8000000,17843379,22591451,4748072,14591451,True
3887,88,"Sep 18, 2013",Enough Said,8000000,17550872,25621449,8070577,17621449,True
3888,89,"Jan 16, 1998",Half Baked,8000000,17394881,17394881,0,9394881,True
3889,90,"Jan 30, 2009",New in Town,8000000,16734283,29937909,13203626,21937909,True
3890,91,"Jun 27, 2014",Begin Again,8000000,16170632,68838736,52668104,60838736,True
3891,92,"Apr 14, 2000",American Psycho,8000000,15070285,34270285,19200000,26270285,True
3892,93,"May 19, 2006",See No Evil,8000000,15032800,18828036,3795236,10828036,True
3893,94,"Aug 7, 2002",The Good Girl,8000000,14018296,16585503,2567207,8585503,True
3894,95,"Aug 4, 2006","Bon Cop, Bad Cop",8000000,12671300,12740705,69405,4740705,True
3895,96,"Oct 30, 2009",The Boondock Saints 2: All Saints Day,8000000,10273187,10629320,356133,2629320,True
3896,97,"Apr 29, 2011",Prom,8000000,10130219,10763183,632964,2763183,True
3897,98,"Apr 22, 1994",The Inkwell,8000000,8864699,8864699,0,864699,True
3898,99,"Dec 29, 2000",Shadow of the Vampire,8000000,8279017,8279017,0,279017,True
3899,100,"Jun 12, 2015",Me and Earl and the Dying Girl,8000000,6758416,9266180,2507764,1266180,True
3900,1,"Oct 8, 2010",It's Kind of a Funny Story,8000000,6363628,6632950,269322,-1367050,False
3901,2,"May 3, 1996",The Pallbearer,8000000,5656388,5656388,0,-2343612,False
3902,3,"Sep 22, 2000",Woman on Top,8000000,5018450,10192613,5174163,2192613,True
3903,4,"May 12, 2000",Held Up,8000000,4714090,4714090,0,-3285910,False
3904,5,"Sep 2, 2016",Morgan,8000000,3915251,7298786,3383535,-701214,False
3905,6,"Dec 30, 2015",Anomalisa,8000000,3759286,5706168,1946882,-2293832,False
3906,7,"Dec 23, 2005",CachÃ©,8000000,3647381,19891331,16243950,11891331,True
3907,8,"Dec 29, 2010",Another Year,8000000,3205706,20005613,16799907,12005613,True
3908,9,"Sep 20, 2002",8 femmes,8000000,3076425,42376425,39300000,34376425,True
3909,10,"Jan 1, 1991",Showdown in Little Tokyo,8000000,2275557,2275557,0,-5724443,False
3910,11,"Sep 25, 1998",Clay Pigeons,8000000,1793359,2256606,463247,-5743394,False
3911,12,"Dec 20, 2013",Le passÃ©,8000000,1335672,15752575,14416903,7752575,True
3912,13,"Apr 6, 2018",Lean on Pete,8000000,1163056,2455027,1291971,-5544973,False
3913,14,"Nov 19, 2010",Made in Dagenham,8000000,1095369,15644196,14548827,7644196,True
3914,15,"Jun 6, 2008",And When Did You Last See Your Father?,8000000,1071240,2476491,1405251,-5523509,False
3915,16,"May 3, 2019",El Chicano,8000000,700261,700261,0,-7299739,False
3916,17,"Mar 5, 2010",The Secret of Kells,8000000,690290,3582797,2892507,-4417203,False
3917,18,"Jan 24, 1997",Prefontaine,8000000,590817,590817,0,-7409183,False
3918,19,"Oct 28, 1983",The Wicked Lady,8000000,589308,589308,0,-7410692,False
3919,20,"May 5, 2006",Down in the Valley,8000000,568932,973443,404511,-7026557,False
3920,21,"May 11, 2007",Brooklyn Rules,8000000,458232,458232,0,-7541768,False
3921,22,"Oct 24, 2003",The Singing Detective,8000000,336456,524747,188291,-7475253,False
3922,23,"Jun 15, 2007",Fido,8000000,298110,456814,158704,-7543186,False
3923,24,"Oct 26, 2018",London Fields,8000000,252676,433732,181056,-7566268,False
3924,25,"Sep 16, 2011",Restless,8000000,163753,2772511,2608758,-5227489,False
3925,26,"Jun 12, 1998",The Land Girls,8000000,146083,146083,0,-7853917,False
3926,27,"May 18, 2007",The Wendell Baker Story,8000000,127188,127188,0,-7872812,False
3927,28,"Oct 29, 2010",Wild Target,8000000,109338,5314194,5204856,-2685806,False
3928,29,"Apr 18, 2008",Pathology,8000000,109045,3270974,3161929,-4729026,False
3929,30,"Oct 5, 2012",Wuthering Heights,8000000,100915,2721534,2620619,-5278466,False
3930,31,"Nov 18, 2016",A Street Cat Named Bob,8000000,82703,17382693,17299990,9382693,True
3931,32,"Aug 18, 2006",10th & Wolf,8000000,54702,143782,89080,-7856218,False
3932,33,"May 22, 2015",Aloft,8000000,53086,237688,184602,-7762312,False
3933,34,"Oct 14, 2011",Fireflies in the Garden,8000000,36884,3587191,3550307,-4412809,False
3934,35,"Sep 23, 2005",Dear Wendy,8000000,23106,446438,423332,-7553562,False
3935,36,"Apr 27, 2001",Akira,8000000,19585,19585,0,-7980415,False
3936,37,"Dec 31, 2005",Welcome to Dongmakgol,8000000,0,48000000,48000000,40000000,True
3937,38,"Sep 20, 2013",Feichang Xingyun,8000000,0,21970000,21970000,13970000,True
3938,39,"Sep 29, 2017","Don Gato, el inicio de la pandilla",8000000,0,4604656,4604656,-3395344,False
3939,40,"Sep 4, 2007",The Death and Life of Bobby Z,8000000,0,414617,414617,-7585383,False
3940,41,"Apr 24, 2018",Backstabbing For Beginners,8000000,0,343773,343773,-7656227,False
3941,42,"Aug 12, 2014",Swelter,8000000,0,44197,44197,-7955803,False
3942,43,"Nov 30, 2007",Maurice Richard,8000000,0,0,0,-8000000,False
3943,44,"Feb 24, 2015",Green Street Hooligans: Underground,8000000,0,0,0,-8000000,False
3944,45,"Dec 31, 2009",Christmas in Beverly Hills,8000000,0,0,0,-8000000,False
3945,46,"Dec 31, 2015",Henry Joseph Church,8000000,0,0,0,-8000000,False
3946,47,"May 6, 2016",Code of Honor,8000000,0,0,0,-8000000,False
3947,48,"Jun 21, 2019",Burn Your Maps,8000000,0,0,0,-8000000,False
3948,49,"Jan 27, 2006",Imagine Me & You,7900000,672243,3129471,2457228,-4770529,False
3949,50,"Jul 4, 2003",Swimming Pool,7800000,10130108,24021282,13891174,16221282,True
3950,51,"Feb 23, 1990",The Blood of Heroes,7700000,882290,882290,0,-6817710,False
3951,52,"Apr 14, 2015",Loin des hommes,7700000,5336,1080428,1075092,-6619572,False
3952,53,"Dec 13, 1989",Driving Miss Daisy,7500000,106593296,106593296,0,99093296,True
3953,54,"Sep 26, 1997",Soul Food,7500000,43492389,43492389,0,35992389,True
3954,55,"Jul 17, 2009",(500) Days of Summer,7500000,32425665,34439060,2013395,26939060,True
3955,56,"Feb 23, 1996",Rumble in the Bronx,7500000,32281907,36238752,3956845,28738752,True
3956,57,"Mar 17, 2006",Thank You For Smoking,7500000,24793509,40016662,15223153,32516662,True
3957,58,"Jun 8, 2007",Hostel: Part II,7500000,17544812,33606409,16061597,26106409,True
3958,59,"Oct 9, 2009",An Education,7500000,12574914,29652736,17077822,22152736,True
3959,60,"Sep 4, 2009",Extract,7500000,10823158,10849158,26000,3349158,True
3960,61,"Dec 20, 2002",Narc,7500000,10465659,11843260,1377601,4343260,True
3961,62,"Oct 21, 2005",Shopgirl,7500000,10284523,11758418,1473895,4258418,True
3962,63,"Mar 9, 1984",The Hotel New Hampshire,7500000,5142858,5142858,0,-2357142,False
3963,64,"Mar 8, 2002",Men with Brooms,7500000,4239767,4239767,0,-3260233,False
3964,65,"Feb 22, 2008",Witless Protection,7500000,4151836,4151836,0,-3348164,False
3965,66,"Nov 24, 2004",The Work and the Glory,7500000,3347647,3347647,0,-4152353,False
3966,67,"Dec 21, 2011",Albert Nobbs,7500000,3014696,8539003,5524307,1039003,True
3967,68,"Jun 24, 2016",The Neon Demon,7500000,1333124,3559803,2226679,-3940197,False
3968,69,"Jul 24, 2003",Masked and Anonymous,7500000,533344,555335,21991,-6944665,False
3969,70,"Apr 13, 2018",Borg vs McEnroe,7500000,231346,3257922,3026576,-4242078,False
3970,71,"Sep 13, 2002",Betty Fisher et autres histoires,7500000,206400,206400,0,-7293600,False
3971,72,"Aug 6, 2004",Code 46,7500000,197148,1788324,1591176,-5711676,False
3972,73,"Dec 31, 2001",The Hole,7500000,0,10834406,10834406,3334406,True
3973,74,"Jan 9, 2015",Black November,7500000,0,32572,32572,-7467428,False
3974,75,"Feb 24, 2015",Outside Bet,7500000,0,13524,13524,-7486476,False
3975,76,"May 15, 2015",Pound of Flesh,7500000,0,0,0,-7500000,False
3976,77,"Jan 13, 2017",The Bye Bye Man,7400000,22395806,31187727,8791921,23787727,True
3977,78,"Apr 27, 2007",Ta Ra Rum Pum,7400000,872643,9443864,8571221,2043864,True
3978,79,"May 6, 2005",Crash,7303082,55334418,101173038,45838620,93869956,True
3979,80,"Dec 25, 2007",Persepolis,7300000,4443403,25397187,20953784,18097187,True
3980,81,"Apr 30, 2010",Harry Brown,7300000,1818681,12023606,10204925,4723606,True
3981,82,"May 27, 2011",Die Welle,7250000,0,35122948,35122948,27872948,True
3982,83,"Dec 17, 1971",Diamonds Are Forever,7200000,43800000,116000000,72200000,108800000,True
3983,84,"Oct 15, 1999",The Omega Code,7200000,12610552,12678312,67760,5478312,True
3984,85,"Sep 16, 2011",3,7200000,59774,295492,235718,-6904508,False
3985,86,"Dec 5, 2007",Juno,7000000,143495265,231450102,87954837,224450102,True
3986,87,"Mar 15, 1972",The Godfather,7000000,134966411,268500000,133533589,261500000,True
3987,88,"Jun 29, 2012",Magic Mike,7000000,113721571,170549753,56828182,163549753,True
3988,89,"Apr 15, 1983",Flashdance,7000000,90463574,201463574,111000000,194463574,True
3989,90,"Mar 16, 2018",I Can Only Imagine,7000000,83482352,85604221,2121869,78604221,True
3990,91,"Mar 15, 2019",Five Feet Apart,7000000,45729221,80504421,34775200,73504421,True
3991,92,"Nov 12, 1993",The Piano,7000000,40157856,40168957,11101,33168957,True
3992,93,"May 6, 2011",Jumping the Broom,7000000,37295394,38158601,863207,31158601,True
3993,94,"Jun 27, 1973",Live and Let Die,7000000,35400000,161800000,126400000,154800000,True
3994,95,"Jan 12, 2000",My Dog Skip,7000000,34099640,35795319,1695679,28795319,True
3995,96,"Jan 24, 2003",Darkness Falls,7000000,32539681,47289758,14750077,40289758,True
3996,97,"Feb 14, 2008","Definitely, Maybe",7000000,32241649,55617866,23376217,48617866,True
3997,98,"Oct 7, 2005","Good Night, and Good Luck",7000000,31501218,56586901,25085683,49586901,True
3998,99,"Sep 30, 2005",Capote,7000000,28750530,49924079,21173549,42924079,True
3999,100,"Mar 29, 1974",The Great Gatsby,7000000,26533200,26533200,0,19533200,True
4000,1,"Aug 4, 2006",The Descent,7000000,26024456,57051053,31026597,50051053,True
4001,2,"Aug 25, 1995",Desperado,7000000,25532388,25532388,0,18532388,True
4002,3,"Jan 1, 1976",Logan's Run,7000000,25000000,25000000,0,18000000,True
4003,4,"Apr 7, 2017",Gifted,7000000,24801212,36964656,12163444,29964656,True
4004,5,"Mar 8, 1996",Fargo,7000000,24567751,51204567,26636816,44204567,True
4005,6,"Apr 11, 2001",Kingdom Come,7000000,23247539,23393939,146400,16393939,True
4006,7,"Dec 20, 1974",The Man with the Golden Gun,7000000,21000000,97600000,76600000,90600000,True
4007,8,"Feb 12, 1988",Action Jackson,7000000,20257000,20257000,0,13257000,True
4008,9,"May 13, 1983",Breathless,7000000,19910002,19910002,0,12910002,True
4009,10,"May 5, 2000",Michael Jordan to the MAX,7000000,18642318,18642318,0,11642318,True
4010,11,"Jun 19, 2015",Dope,7000000,17506470,18190831,684361,11190831,True
4011,12,"Jul 22, 2005",The Devil's Rejects,7000000,17044981,20940428,3895447,13940428,True
4012,13,"May 24, 2019",BrightBurn,7000000,16794432,27989498,11195066,20989498,True
4013,14,"Jan 17, 2014",Devil's Due,7000000,15821461,36146087,20324626,29146087,True
4014,15,"Mar 22, 1996",Flirting with Disaster,7000000,14853474,16149180,1295706,9149180,True
4015,16,"Nov 14, 2014",Beyond the Lights,7000000,14618727,14618727,0,7618727,True
4016,17,"Jul 31, 1992",Buffy the Vampire Slayer,7000000,14231669,14231669,0,7231669,True
4017,18,"Aug 25, 1999",In Too Deep,7000000,14026509,15471229,1444720,8471229,True
4018,19,"Apr 11, 2003","House of 1,000 Corpses",7000000,12634962,17005466,4370504,10005466,True
4019,20,"Oct 11, 1985",Silver Bullet,7000000,10803211,10803211,0,3803211,True
4020,21,"Oct 10, 2003",House of the Dead,7000000,10199354,13860078,3660724,6860078,True
4021,22,"Oct 2, 2009",A Serious Man,7000000,9228788,30360570,21131782,23360570,True
4022,23,"Jul 30, 2010",Get Low,7000000,9176933,10828305,1651372,3828305,True
4023,24,"Dec 11, 2009",A Single Man,7000000,9176000,28142379,18966379,21142379,True
4024,25,"Jan 10, 1991",Warlock,7000000,8824553,8824553,0,1824553,True
4025,26,"Aug 12, 1988",The Last Temptation of Christ,7000000,8373585,8373585,0,1373585,True
4026,27,"Jun 18, 2010",Cyrus,7000000,7468936,10062896,2593960,3062896,True
4027,28,"Sep 1, 1999",Outside Providence,7000000,7309628,7824358,514730,824358,True
4028,29,"Feb 11, 2005",Bride & Prejudice,7000000,6601079,25269040,18667961,18269040,True
4029,30,"Nov 29, 2002",Rabbit-Proof Fence,7000000,6199600,16866928,10667328,9866928,True
4030,31,"Jul 27, 2007",Who's Your Caddy?,7000000,5694308,5694308,0,-1305692,False
4031,32,"May 1, 1992",Split Second,7000000,5430822,5430822,0,-1569178,False
4032,33,"Mar 8, 1991",Nikita,7000000,5017971,5017971,0,-1982029,False
4033,34,"Dec 14, 2001",The Other Side of Heaven,7000000,4720371,4720371,0,-2279629,False
4034,35,"Sep 28, 1990",Dark Angel,7000000,4372561,4372561,0,-2627439,False
4035,36,"Jun 27, 1986",American Anthem,7000000,3571624,3571624,0,-3428376,False
4036,37,"Nov 12, 2004",Veer-Zaara,7000000,2938532,7017859,4079327,17859,True
4037,38,"May 2, 2008",Redbelt,7000000,2344847,2667084,322237,-4332916,False
4038,39,"Aug 27, 1999",A Dog of Flanders,7000000,2165637,2165637,0,-4834363,False
4039,40,"Oct 18, 2002",Auto Focus,7000000,2062066,2703821,641755,-4296179,False
4040,41,"Oct 21, 2011",The Mighty Macs,7000000,1891936,1891936,0,-5108064,False
4041,42,"Dec 22, 2010",Somewhere,7000000,1785645,17023121,15237476,10023121,True
4042,43,"Jan 13, 2012",We Need to Talk About Kevin,7000000,1738692,10765283,9026591,3765283,True
4043,44,"Feb 2, 2007",Factory Girl,7000000,1661464,1661464,0,-5338536,False
4044,45,"Nov 15, 2013",The Christmas Candle,7000000,1632000,1933829,301829,-5066171,False
4045,46,"Sep 25, 2009",I Hope They Serve Beer in Hell,7000000,1429299,1429453,154,-5570547,False
4046,47,"Apr 8, 1983",Losin' It,7000000,1246141,1246141,0,-5753859,False
4047,48,"May 7, 2010",Mother and Child,7000000,1110509,6537179,5426670,-462821,False
4048,49,"Aug 5, 1977",March or Die,7000000,1000000,1000000,0,-6000000,False
4049,50,"Jul 12, 1996",Les Visiteurs,7000000,659000,98754000,98095000,91754000,True
4050,51,"Oct 2, 2015",Freeheld,7000000,546201,1732228,1186027,-5267772,False
4051,52,"Apr 2, 2014",Dom Hemingway,7000000,523511,1857458,1333947,-5142542,False
4052,53,"Jul 30, 2010",The Extra Man,7000000,453377,492108,38731,-6507892,False
4053,54,"May 13, 2011",Hesher,7000000,382946,382946,0,-6617054,False
4054,55,"Mar 13, 1998",Chairman of the Board,7000000,306715,306715,0,-6693285,False
4055,56,"Feb 14, 2003",Gerry,7000000,254683,719699,465016,-6280301,False
4056,57,"May 12, 2006",Wah-Wah,7000000,234750,463039,228289,-6536961,False
4057,58,"Jun 13, 2003",The Heart of Me,7000000,196067,196067,0,-6803933,False
4058,59,"Mar 26, 2010",Ca$h,7000000,46488,46488,0,-6953512,False
4059,60,"Jan 30, 2015",Trudno byt bogom,7000000,31443,41038,9595,-6958962,False
4060,61,"Jan 21, 2000",The Boondock Saints,7000000,30471,411874,381403,-6588126,False
4061,62,"Jan 28, 2014",Snezhnaya koroleva,7000000,0,15193977,15193977,8193977,True
4062,63,"Dec 6, 2016",Oddball,7000000,0,10237229,10237229,3237229,True
4063,64,"Aug 18, 2015",Z Storm,7000000,0,2053330,2053330,-4946670,False
4064,65,"Dec 31, 2015",Geroy,7000000,0,1545121,1545121,-5454879,False
4065,66,"Jul 23, 2013",Twixt,7000000,0,1268346,1268346,-5731654,False
4066,67,"Nov 20, 2015",Criminal Activities,7000000,0,386744,386744,-6613256,False
4067,68,"Dec 11, 2007",High School Musical 2,7000000,0,0,0,-7000000,False
4068,69,"Dec 12, 2008",The Kings of Appletown,7000000,0,0,0,-7000000,False
4069,70,"Mar 11, 2008",Stargate - The Ark of Truth,7000000,0,0,0,-7000000,False
4070,71,"Sep 1, 2015",Alpha & Omega: The Legend of the Saw Tooth Cave,7000000,0,0,0,-7000000,False
4071,72,"Jun 28, 1985",Pale Rider,6900000,41410568,41410568,0,34510568,True
4072,73,"Sep 21, 2012",House at the End of the Street,6900000,31611916,44103982,12492066,37203982,True
4073,74,"Sep 24, 1993",Dazed and Confused,6900000,7950889,7950889,0,1050889,True
4074,75,"Jan 31, 2017",Two Lovers and a Bear,6840000,0,22273,22273,-6817727,False
4075,76,"Sep 17, 2010",Incendies,6800000,6857096,16038343,9181247,9238343,True
4076,77,"Aug 11, 2000",AimÃ©e & Jaguar,6800000,927107,927107,0,-5872893,False
4077,78,"Aug 5, 2005",The Chumscrubber,6800000,49526,49526,0,-6750474,False
4078,79,"Apr 9, 2004",Shade,6800000,25032,9533964,9508932,2733964,True
4079,80,"Sep 10, 2010",Bran Nue Dae,6750000,113568,6812530,6698962,62530,True
4080,81,"Sep 3, 2004","Remember Me, My Love",6700000,223878,223878,0,-6476122,False
4081,82,"May 21, 2010",Perrierâs Bounty,6600000,828,828,0,-6599172,False
4082,83,"Sep 19, 2008",Tropa de Elite,6537890,8744,14319195,14310451,7781305,True
4083,84,"Oct 3, 2014",Annabelle,6500000,84273813,256862920,172589107,250362920,True
4084,85,"Feb 1, 2008",Hannah Montana/Miley Cyrus: Best of Both Worlds Concert Tour,6500000,65281781,70712099,5430318,64212099,True
4085,86,"Jul 12, 1991",Boyz n the Hood,6500000,56190094,56215095,25001,49715095,True
4086,87,"Jul 24, 1987",La Bamba,6500000,54215416,54215416,0,47715416,True
4087,88,"May 22, 1981",The Four Seasons,6500000,42488161,42488161,0,35988161,True
4088,89,"Jan 1, 1980",Dressed to Kill,6500000,31899000,31899000,0,25399000,True
4089,90,"Apr 2, 1993",The Adventures of Huck Finn,6500000,24103594,24103594,0,17603594,True
4090,91,"Apr 9, 1999",Go!,6500000,16875273,28383441,11508168,21883441,True
4091,92,"Apr 7, 2006",Friends with Money,6500000,13368437,18110152,4741715,11610152,True
4092,93,"Jan 1, 1971",The Andromeda Strain,6500000,12376563,12376563,0,5876563,True
4093,94,"Oct 22, 1999",Bats,6500000,10155691,10155691,0,3655691,True
4094,95,"Oct 20, 2017",Same Kind of Different as Me,6500000,6423605,6423605,0,-76395,False
4095,96,"Mar 7, 2003",Nowhere in Africa,6500000,6173485,6173485,0,-326515,False
4096,97,"Dec 2, 2011",Shame,6500000,4002293,20412841,16410548,13912841,True
4097,98,"May 13, 2005",Layer Cake,6500000,2339957,11745931,9405974,5245931,True
4098,99,"May 31, 2013",The East,6500000,2274649,3027956,753307,-3472044,False
4099,100,"Oct 21, 2005",The Work and the Glory: American Zion,6500000,2025032,2025032,0,-4474968,False
4100,1,"Nov 13, 2009",The Messenger,6500000,1109660,1744952,635292,-4755048,False
4101,2,"Jul 23, 2004",A Home at the End of the World,6500000,1029017,1033810,4793,-5466190,False
4102,3,"Aug 17, 2001",Aberdeen,6500000,64148,64148,0,-6435852,False
4103,4,"Dec 31, 2011",Tracker,6500000,0,3149,3149,-6496851,False
4104,5,"Oct 26, 1984",The Terminator,6400000,38019031,78019031,40000000,71619031,True
4105,6,"Feb 27, 2004","Good Bye, Lenin!",6400000,4063859,79384539,75320680,72984539,True
4106,7,"Oct 10, 2007",Control,6400000,871577,8902141,8030564,2502141,True
4107,8,"Oct 9, 2009",The Damned United,6400000,449865,4199874,3750009,-2200126,False
4108,9,"Feb 22, 2008",Die FÃ¤lscher,6250000,5488570,20199663,14711093,13949663,True
4109,10,"Jan 15, 1988",Return of the Living Dead Part II,6200000,9205924,9205924,0,3005924,True
4110,11,"Feb 13, 2009",Gomorra,6200000,1579146,37339594,35760448,31139594,True
4111,12,"Oct 20, 1995",Mallrats,6100000,2108367,2108367,0,-3991633,False
4112,13,"Jun 16, 1978",Grease,6000000,181813770,387510179,205696409,381510179,True
4113,14,"Dec 19, 1986",Platoon,6000000,137963328,137978395,15067,131978395,True
4114,15,"Jun 23, 2004",Fahrenheit 9/11,6000000,119114517,221148959,102034442,215148959,True
4115,16,"Oct 24, 1969",Butch Cassidy and the Sundance Kid,6000000,102308900,102310653,1753,96310653,True
4116,17,"Aug 26, 1964",Mary Poppins,6000000,102272145,102272145,0,96272145,True
4117,18,"Sep 19, 1980",Ordinary People,6000000,52302978,52302978,0,46302978,True
4118,19,"May 11, 2018",Breaking In,6000000,46840590,51411620,4571030,45411620,True
4119,20,"Oct 18, 1961",West Side Story,6000000,43700000,43700000,0,37700000,True
4120,21,"Oct 17, 1956",Around the World in 80 Days,6000000,42000000,42000000,0,36000000,True
4121,22,"Jul 25, 1980",Caddyshack,6000000,39846344,39846344,0,33846344,True
4122,23,"Mar 23, 2001",The Brothers,6000000,27457409,27958191,500782,21958191,True
4123,24,"Dec 17, 2008",The Wrestler,6000000,26238243,46634275,20396032,40634275,True
4124,25,"Jun 30, 1989",Do the Right Thing,6000000,26004026,26004026,0,20004026,True
4125,26,"Jul 10, 1981",Escape from New York,6000000,25244700,25245925,1225,19245925,True
4126,27,"Jul 16, 1999",The Wood,6000000,25059640,25059640,0,19059640,True
4127,28,"Aug 16, 1995",The Usual Suspects,6000000,23341568,34449356,11107788,28449356,True
4128,29,"Aug 11, 1989",A Nightmare On Elm Street: The Dream Child,6000000,22168359,22168359,0,16168359,True
4129,30,"Apr 5, 2002",National Lampoonâs Van Wilder,6000000,21305259,39241323,17936064,33241323,True
4130,31,"Dec 31, 1946",Duel in the Sun,6000000,20400000,20400000,0,14400000,True
4131,32,"Sep 27, 2000",Best in Show,6000000,18621249,20695413,2074164,14695413,True
4132,33,"Mar 29, 2019",Unplanned,6000000,18107621,18107621,0,12107621,True
4133,34,"Sep 27, 2006",The Last King of Scotland,6000000,17606684,49155371,31548687,43155371,True
4134,35,"Apr 16, 2003",A Mighty Wind,6000000,17583468,18504539,921071,12504539,True
4135,36,"Feb 8, 2019",The Prodigy,6000000,14856291,19789712,4933421,13789712,True
4136,37,"Nov 30, 2018",The Possession of Hannah Grace,6000000,14836174,42785387,27949213,36785387,True
4137,38,"Feb 12, 1988",School Daze,6000000,14545844,14545844,0,8545844,True
4138,39,"Aug 8, 2007",Daddy Day Camp,6000000,13235267,18209872,4974605,12209872,True
4139,40,"Oct 21, 1988",Mystic Pizza,6000000,12793213,12793213,0,6793213,True
4140,41,"Mar 20, 1998",Mr. Nice Guy,6000000,12716953,31716953,19000000,25716953,True
4141,42,"Aug 21, 1956",War and Peace,6000000,12500000,12524028,24028,6524028,True
4142,43,"Apr 24, 1998",Sliding Doors,6000000,11911200,58809149,46897949,52809149,True
4143,44,"May 24, 1995",Tales from the Hood,6000000,11784569,11784569,0,5784569,True
4144,45,"Oct 13, 1989",Halloween 5: The Revenge of Michael Myers,6000000,11642254,11642254,0,5642254,True
4145,46,"Sep 7, 2012",The Words,6000000,11494838,16369708,4874870,10369708,True
4146,47,"Jan 15, 2016",The Lady in the Van,6000000,10021175,42320503,32299328,36320503,True
4147,48,"Apr 27, 2012",Bernie,6000000,9204489,10106975,902486,4106975,True
4148,49,"Dec 15, 2000",Pollock,6000000,8596914,10557291,1960377,4557291,True
4149,50,"Feb 15, 2008",Dolphins and Whales Tribes of the Ocean 3D,6000000,7714996,17252287,9537291,11252287,True
4150,51,"Feb 26, 1999",200 Cigarettes,6000000,6852450,6852450,0,852450,True
4151,52,"Mar 19, 2010",City Island,6000000,6671283,8173486,1502203,2173486,True
4152,53,"Mar 16, 2012",Casa de mi Padre,6000000,5909483,8446952,2537469,2446952,True
4153,54,"Jul 29, 2011",The Guard,6000000,5359774,21197454,15837680,15197454,True
4154,55,"Apr 21, 2000",The Virgin Suicides,6000000,4859475,10619770,5760295,4619770,True
4155,56,"Aug 29, 2008",College,6000000,4694491,6176114,1481623,176114,True
4156,57,"Sep 22, 2006",La science des rÃªves,6000000,4670644,15137932,10467288,9137932,True
4157,58,"Dec 4, 1998",Little Voice,6000000,4595000,21787233,17192233,15787233,True
4158,59,"Mar 13, 2009",Miss March,6000000,4543320,4713059,169739,-1286941,False
4159,60,"Feb 5, 1999",Simply Irresistible,6000000,4398989,4398989,0,-1601011,False
4160,61,"Jul 18, 2014",Wish I Was Here,6000000,3591299,6591365,3000066,591365,True
4161,62,"Dec 21, 2006",Venus,6000000,3347411,7818479,4471068,1818479,True
4162,63,"Mar 14, 2014",Veronica Mars,6000000,3322127,3485383,163256,-2514617,False
4163,64,"Aug 27, 1993",Only the Strong,6000000,3273588,3273588,0,-2726412,False
4164,65,"Jul 20, 2001",Hedwig and the Angry Inch,6000000,3067312,3740030,672718,-2259970,False
4165,66,"Oct 31, 2003",Shattered Glass,6000000,2207975,3456602,1248627,-2543398,False
4166,67,"Jul 3, 2008",The Wackness,6000000,2077046,3330012,1252966,-2669988,False
4167,68,"Nov 16, 2001",Novocaine,6000000,2025238,2522928,497690,-3477072,False
4168,69,"Feb 6, 2009",Polytechnique,6000000,1418304,1418304,0,-4581696,False
4169,70,"Jul 15, 2011",Snow Flower and the Secret Fan,6000000,1348205,11348205,10000000,5348205,True
4170,71,"Sep 14, 2018",Mandy,6000000,1214525,1427656,213131,-4572344,False
4171,72,"Dec 7, 2001",The Business of Strangers,6000000,1030920,1290920,260000,-4709080,False
4172,73,"Apr 29, 2011",JÃ»san-nin no shikaku,6000000,802778,18727440,17924662,12727440,True
4173,74,"Aug 30, 1991",Beastmaster 2: Through the Portal of Time,6000000,773490,773490,0,-5226510,False
4174,75,"Jun 18, 1969",The Wild Bunch,6000000,509424,509424,0,-5490576,False
4175,76,"Mar 25, 2011",The 5th Quarter,6000000,408159,408159,0,-5591841,False
4176,77,"Feb 2, 1979",The First Great Train Robbery,6000000,391942,391942,0,-5608058,False
4177,78,"Dec 20, 2002",Morvern Callar,6000000,267194,267194,0,-5732806,False
4178,79,"Oct 10, 2003",The Flower of Evil,6000000,181798,181798,0,-5818202,False
4179,80,"Mar 4, 2011",Akmareul Boatda,6000000,129210,13168809,13039599,7168809,True
4180,81,"Nov 10, 2006",Come Early Morning,6000000,119452,119452,0,-5880548,False
4181,82,"Apr 2, 2010",The Greatest,6000000,115862,117796,1934,-5882204,False
4182,83,"Dec 7, 2012",Deadfall,6000000,66351,1673635,1607284,-4326365,False
4183,84,"May 8, 2009",Julia,6000000,65108,1365108,1300000,-4634892,False
4184,85,"Apr 5, 2002",Lucky Break,6000000,54606,4316497,4261891,-1683503,False
4185,86,"Sep 5, 2008","Surfer, Dude",6000000,36497,36497,0,-5963503,False
4186,87,"Jan 23, 2015",Song One,6000000,32251,437089,404838,-5562911,False
4187,88,"Oct 3, 2007",Lake of Fire,6000000,25317,26007,690,-5973993,False
4188,89,"Apr 2, 2010",Don McKay,6000000,13722,13722,0,-5986278,False
4189,90,"Aug 12, 2005",11:14,6000000,0,0,0,-6000000,False
4190,91,"Feb 9, 2010",Icarus,6000000,0,0,0,-6000000,False
4191,92,"Dec 19, 1995",Men of War,6000000,0,0,0,-6000000,False
4192,93,"Mar 15, 2011",A Shine of Rainbows,6000000,0,0,0,-6000000,False
4193,94,"Dec 31, 2011",Freaky Deaky,6000000,0,0,0,-6000000,False
4194,95,"May 10, 2011",The Hit List,6000000,0,0,0,-6000000,False
4195,96,"Feb 4, 1983",Videodrome,5952000,2120439,2120439,0,-3831561,False
4196,97,"Aug 2, 1996",Emma,5900000,22231658,37831658,15600000,31931658,True
4197,98,"Mar 21, 2003",L\'auberge espagnole,5900000,3895664,3895664,0,-2004336,False
4198,99,"Feb 8, 1968",Planet of the Apes,5800000,33395426,33395426,0,27595426,True
4199,100,"Mar 7, 1965",The Train,5800000,6800000,6800000,0,1000000,True
4200,1,"Mar 18, 2011",Winter in Wartime,5800000,542860,9662214,9119354,3862214,True
4201,2,"Oct 3, 2003",Foolproof,5800000,230312,421021,190709,-5378979,False
4202,3,"Oct 5, 2012",Trade of Innocents,5800000,15091,15091,0,-5784909,False
4203,4,"Sep 8, 2006",Tom yum goong,5700000,12044087,43044087,31000000,37344087,True
4204,5,"Aug 27, 1999",Stiff Upper Lips,5700000,69582,69582,0,-5630418,False
4205,6,"Sep 7, 2012",The Inbetweeners,5700000,35955,86051320,86015365,80351320,True
4206,7,"Jul 16, 2010",Valhalla Rising,5700000,30638,731613,700975,-4968387,False
4207,8,"Mar 12, 2003",Bend it Like Beckham,5600000,32543449,74566042,42022593,68966042,True
4208,9,"Sep 1, 2006",Crossover,5600000,7009668,7009668,0,1409668,True
4209,10,"Jun 21, 2002",Sunshine State,5600000,3064356,3281898,217542,-2318102,False
4210,11,"Jul 16, 2010",Standing Ovation,5600000,531806,531806,0,-5068194,False
4211,12,"Dec 7, 2012",Khiladi 786,5600000,385422,14683763,14298341,9083763,True
4212,13,"Jul 9, 2010",[Rec] 2,5600000,27766,18527766,18500000,12927766,True
4213,14,"Dec 25, 1973",The Sting,5500000,159616327,159616327,0,154116327,True
4214,15,"Sep 25, 1981",Chariots of Fire,5500000,61558162,61865947,307785,56365947,True
4215,16,"Feb 25, 2005",Diary of a Mad Black Woman,5500000,50406346,50458356,52010,44958356,True
4216,17,"Nov 22, 1996",Shine,5500000,35811509,36672493,860984,31172493,True
4217,18,"Sep 27, 2013",Don Jon,5500000,24477704,41268579,16790875,35768579,True
4218,19,"Aug 22, 1973",High Plains Drifter,5500000,15700000,15700000,0,10200000,True
4219,20,"Sep 28, 2018",Hell Fest,5500000,11107431,18119231,7011800,12619231,True
4220,21,"Jun 6, 2003",Mambo Italiano,5500000,9282750,12399772,3117022,6899772,True
4221,22,"Jul 20, 2001",Ghost World,5500000,6217849,8761608,2543759,3261608,True
4222,23,"Dec 14, 2001",Iris,5500000,5580479,5580479,0,80479,True
4223,24,"Jun 6, 1980",Galaxina,5500000,4865000,4865000,0,-635000,False
4224,25,"Nov 26, 2004",Les Choristes,5500000,3629758,83529758,79900000,78029758,True
4225,26,"Oct 3, 2003",Wonderland,5500000,1060512,1060512,0,-4439488,False
4226,27,"Jul 1, 2005",De battre mon coeur s'est arrÃªtÃ©,5500000,1023424,8589831,7566407,3089831,True
4227,28,"Apr 1, 2011",Haevnen,5500000,1008098,15867314,14859216,10367314,True
4228,29,"Oct 21, 2011",Le Havre,5500000,611709,13480196,12868487,7980196,True
4229,30,"May 17, 2002",Harvard Man,5500000,56653,56653,0,-5443347,False
4230,31,"Jul 15, 2011",Salvation Boulevard,5500000,28468,28468,0,-5471532,False
4231,32,"Jan 23, 2015",R100,5500000,24956,24956,0,-5475044,False
4232,33,"May 5, 2015",Miss Julie,5500000,0,863895,863895,-4636105,False
4233,34,"Dec 31, 2008",Animals,5500000,0,0,0,-5500000,False
4234,35,"Mar 7, 2003",Irreversible,5400000,792200,8133256,7341056,2733256,True
4235,36,"Feb 26, 2013",Tao Jie,5400000,0,4728896,4728896,-671104,False
4236,37,"Jan 27, 2006",Rang De Basanti,5300000,2197694,29197694,27000000,23897694,True
4237,38,"Jul 19, 2013",Grabbers,5300000,0,440821,440821,-4859179,False
4238,39,"Oct 11, 2013",La Vie d'AdÃ¨le â Chapitres 1 & 2,5250000,2450504,22914479,20463975,17664479,True
4239,40,"Apr 27, 2012",Hodejegerne,5250000,1200010,20188740,18988730,14938740,True
4240,41,"Aug 3, 2007",The Ten,5250000,769726,786677,16951,-4463323,False
4241,42,"Oct 27, 2000",A Room for Romeo Brass,5250000,20097,20097,0,-5229903,False
4242,43,"Feb 24, 2017",The Girl with all the Gifts,5250000,0,4801837,4801837,-448163,False
4243,44,"Aug 1, 1944",Wilson,5200000,2000000,2000000,0,-3200000,False
4244,45,"Aug 5, 2005",Saint Ralph,5200000,795126,1695126,900000,-3504874,False
4245,46,"Apr 22, 2011",Dum Maaro Dum,5200000,564489,11633427,11068938,6433427,True
4246,47,"Oct 3, 1980",Somewhere in Time,5100000,9709597,9709597,0,4609597,True
4247,48,"Apr 19, 2002",My Big Fat Greek Wedding,5000000,241438208,374890034,133451826,369890034,True
4248,49,"Feb 24, 2017",Get Out,5000000,176040665,255367951,79327286,250367951,True
4249,50,"Jan 20, 2017",Split,5000000,138141585,278964806,140823221,273964806,True
4250,51,"Oct 21, 2011",Paranormal Activity 3,5000000,104028807,207039844,103011037,202039844,True
4251,52,"Oct 28, 2005",Saw II,5000000,87025093,152925093,65900000,147925093,True
4252,53,"Sep 13, 2013",Insidious Chapter 2,5000000,83586447,161921515,78335068,156921515,True
4253,54,"Mar 11, 2016",10 Cloverfield Lane,5000000,72082999,108286422,36203423,103286422,True
4254,55,"Jul 22, 2016",Lights Out,5000000,67268835,148806510,81537675,143806510,True
4255,56,"Sep 11, 2015",The Visit,5000000,65206105,98677816,33471711,93677816,True
4256,57,"Oct 25, 2002",Jackass: The Movie,5000000,64282312,79282312,15000000,74282312,True
4257,58,"Oct 13, 2017",Happy Death Day,5000000,55683845,125010260,69326415,120010260,True
4258,59,"Oct 19, 2012",Paranormal Activity 4,5000000,53900335,142817992,88917657,137817992,True
4259,60,"Oct 24, 2014",Ouija,5000000,50856010,103300632,52444622,98300632,True
4260,61,"Feb 27, 1987",A Nightmare On Elm Street 3: Dream Warriors,5000000,44793222,44793222,0,39793222,True
4261,62,"Aug 30, 2013",No se Aceptan Devoluciones,5000000,44467206,100486616,56019410,95486616,True
4262,63,"Aug 7, 2015",The Gift,5000000,43787265,58978477,15191212,53978477,True
4263,64,"Jun 23, 2017",The Big Sick,5000000,42872467,53972860,11100393,48972860,True
4264,65,"May 16, 1975",The Return of the Pink Panther,5000000,41833347,41833347,0,36833347,True
4265,66,"May 31, 2019",MA,5000000,36049540,44300625,8251085,39300625,True
4266,67,"Sep 16, 1953",The Robe,5000000,36000000,36008303,8303,31008303,True
4267,68,"Sep 13, 1991",Freddyâs Dead: The Final Nightmare,5000000,34872033,34872033,0,29872033,True
4268,69,"Dec 24, 2003",Monster,5000000,34469210,64240813,29771603,59240813,True
4269,70,"Jan 3, 2014",Paranormal Activity: The Marked Ones,5000000,32462372,90904854,58442482,85904854,True
4270,71,"Dec 23, 1954","20,000 Leagues Under the Sea",5000000,28200000,28200000,0,23200000,True
4271,72,"Apr 11, 2014",Oculus,5000000,27695246,44115496,16420250,39115496,True
4272,73,"Nov 1, 2013",Dallas Buyers Club,5000000,27298285,60611845,33313560,55611845,True
4273,74,"Aug 26, 2015",No Escape,5000000,27288872,42844516,15555644,37844516,True
4274,75,"Oct 3, 1980",The Elephant Man,5000000,26010864,26010864,0,21010864,True
4275,76,"Feb 27, 2015",The Lazarus Effect,5000000,25801570,38359310,12557740,33359310,True
4276,77,"Mar 16, 2001",Memento,5000000,25544867,39723096,14178229,34723096,True
4277,78,"Aug 26, 2011",Our Idiot Brother,5000000,24814830,25861249,1046419,20861249,True
4278,79,"Mar 9, 2018",The Strangers: Prey at Night,5000000,24431472,29960051,5528579,24960051,True
4279,80,"Jul 21, 2006",Clerks II,5000000,24148068,27342246,3194178,22342246,True
4280,81,"Apr 8, 1998",The Players Club,5000000,23047939,23047939,0,18047939,True
4281,82,"Oct 13, 2000",Billy Elliot,5000000,21995263,109253745,87258482,104253745,True
4282,83,"Jul 5, 2013",The Way Way Back,5000000,21502690,26853810,5351120,21853810,True
4283,84,"Aug 29, 2014","As Above, So Below",5000000,21222315,41824066,20601751,36824066,True
4284,85,"Apr 1, 2016",Godâs Not Dead 2,5000000,20773069,23551286,2778217,18551286,True
4285,86,"Dec 17, 1997",The Apostle,5000000,20733485,21277770,544285,16277770,True
4286,87,"Nov 3, 1982",The Man From Snowy River,5000000,20659423,20659423,0,15659423,True
4287,88,"Oct 23, 1991",House Party 2,5000000,19438638,19438638,0,14438638,True
4288,89,"Mar 26, 1999",Doug's 1st Movie,5000000,19421271,19421271,0,14421271,True
4289,90,"Feb 19, 2016",Race,5000000,19115191,23745772,4630581,18745772,True
4290,91,"Sep 18, 1981",Mommie Dearest,5000000,19032000,25032000,6000000,20032000,True
4291,92,"Jan 16, 2015",Still Alice,5000000,18656400,41699612,23043212,36699612,True
4292,93,"Oct 1, 1988",Halloween 4: The Return of Michael Myers,5000000,17768757,17768757,0,12768757,True
4293,94,"Sep 2, 2011",Apollo 18,5000000,17686929,26517819,8830890,21517819,True
4294,95,"Mar 23, 2018","Paul, Apostle of Christ",5000000,17547999,25529498,7981499,20529498,True
4295,96,"Oct 10, 2014",Addicted,5000000,17390770,17499242,108472,12499242,True
4296,97,"Aug 31, 2001",O (Othello),5000000,16017403,16017403,0,11017403,True
4297,98,"Sep 29, 1995",Halloween: The Curse of Michael Myers,5000000,15126948,15126948,0,10126948,True
4298,99,"Aug 24, 1954",The Egyptian,5000000,15000000,15000000,0,10000000,True
4299,100,"Nov 7, 1997",Eve's Bayou,5000000,14843425,14843425,0,9843425,True
4300,1,"Apr 10, 1981",Nighthawks,5000000,14600000,19600000,5000000,14600000,True
4301,2,"Jul 28, 1989",Friday the 13th Part VIII: Jason Takes Manhattan,5000000,14343976,14343976,0,9343976,True
4302,3,"Mar 15, 2013",Spring Breakers,5000000,14124286,31149251,17024965,26149251,True
4303,4,"Jun 9, 2017",It Comes at Night,5000000,13985117,19720203,5735086,14720203,True
4304,5,"Mar 15, 2002",Y Tu MamÃ¡ TambiÃ©n,5000000,13649881,33649881,20000000,28649881,True
4305,6,"Sep 24, 2004",Shaun of the Dead,5000000,13542874,30332385,16789511,25332385,True
4306,7,"Oct 31, 2008",The Haunting of Molly Hartley,5000000,13442412,15318257,1875845,10318257,True
4307,8,"Jul 15, 2016",Hillaryâs America: The Secret History of the Democratic Party,5000000,13099931,13099931,0,8099931,True
4308,9,"Jun 21, 1996",Lone Star,5000000,12961389,12961389,0,7961389,True
4309,10,"Mar 27, 1986",April Fool's Day,5000000,12947763,12947763,0,7947763,True
4310,11,"Apr 2, 1982",Diner,5000000,12592907,12592907,0,7592907,True
4311,12,"Mar 3, 2017",Before I Fall,5000000,12241072,18945682,6704610,13945682,True
4312,13,"Apr 15, 1983",Lone Wolf McQuade,5000000,12232628,12232628,0,7232628,True
4313,14,"Mar 13, 2009",Sunshine Cleaning,5000000,12062558,17329337,5266779,12329337,True
4314,15,"Jan 29, 2016",Fifty Shades of Black,5000000,11686940,22113075,10426135,17113075,True
4315,16,"Dec 14, 1957",A Farewell To Arms,5000000,11000000,11017403,17403,6017403,True
4316,17,"Jan 1, 1959",Solomon and Sheba,5000000,11000000,11014961,14961,6014961,True
4317,18,"Aug 20, 1982",The Beastmaster,5000000,10751126,10751126,0,5751126,True
4318,19,"Jan 9, 2009",Not Easily Broken,5000000,10572742,10732909,160167,5732909,True
4319,20,"May 9, 2014",Momsâ Night Out,5000000,10429707,10537341,107634,5537341,True
4320,21,"Mar 17, 2017",The Belko Experiment,5000000,10166820,11792942,1626122,6792942,True
4321,22,"Mar 11, 2016",The Perfect Match,5000000,9669521,10182050,512529,5182050,True
4322,23,"Oct 6, 2000",Digimon: The Movie,5000000,9628751,16628751,7000000,11628751,True
4323,24,"May 28, 2004",Saved!,5000000,8886160,10206551,1320391,5206551,True
4324,25,"May 9, 2003",Les invasions barbares,5000000,8460000,25913869,17453869,20913869,True
4325,26,"Mar 11, 1976",Robin and Marian,5000000,8000000,8000000,0,3000000,True
4326,27,"Dec 22, 1978",Force 10 from Navarone,5000000,7100000,7100000,0,2100000,True
4327,28,"Apr 27, 2001",The Forsaken,5000000,6755271,6755271,0,1755271,True
4328,29,"Sep 21, 2018",Fahrenheit 11/9,5000000,6352306,6653715,301409,1653715,True
4329,30,"Jul 21, 1989",UHF,5000000,6157157,6157157,0,1157157,True
4330,31,"May 28, 2010",Sea Rex 3D: Journey to a Prehistoric World,5000000,6096582,16515203,10418621,11515203,True
4331,32,"Jan 6, 2006",Grandmaâs Boy,5000000,6090172,6590172,500000,1590172,True
4332,33,"Aug 14, 1998",Slums of Beverly Hills,5000000,5502773,5502773,0,502773,True
4333,34,"May 28, 1969",Once Upon a Time in the West,5000000,5321508,5378425,56917,378425,True
4334,35,"Jul 13, 2001",Made,5000000,5308707,5476060,167353,476060,True
4335,36,"Nov 19, 2004",La mala educaciÃ³n,5000000,5211842,40311842,35100000,35311842,True
4336,37,"Jun 12, 2009",Moon,5000000,5010163,10676073,5665910,5676073,True
4337,38,"Sep 11, 2015",90 Minutes in Heaven,5000000,4816142,4816142,0,-183858,False
4338,39,"Dec 2, 2016",Incarnate,5000000,4799774,9371036,4571262,4371036,True
4339,40,"May 12, 2006",Keeping Up with the Steins,5000000,4339241,4414753,75512,-585247,False
4340,41,"Oct 10, 1997",The Sweet Hereafter,5000000,4306697,7951247,3644550,2951247,True
4341,42,"Aug 6, 2008",Bottle Shock,5000000,4078607,4815890,737283,-184110,False
4342,43,"Feb 25, 2011",Des Hommes et Des Dieux,5000000,3954651,46263525,42308874,41263525,True
4343,44,"Aug 27, 1982",Jekyll and Hyde... Together Again,5000000,3707583,3707583,0,-1292417,False
4344,45,"Mar 3, 2017",Table 19,5000000,3614896,4620399,1005503,-379601,False
4345,46,"Apr 15, 2016",Green Room,5000000,3220371,3807503,587132,-1192497,False
4346,47,"Mar 9, 2018",Thoroughbreds,5000000,3072605,3187302,114697,-1812698,False
4347,48,"Nov 16, 1994",Heavenly Creatures,5000000,3046086,5438120,2392034,438120,True
4348,49,"Mar 4, 2016",The Other Side of the Door,5000000,3000342,12905107,9904765,7905107,True
4349,50,"May 13, 2011",Everything Must Go,5000000,2712131,2821010,108879,-2178990,False
4350,51,"Oct 10, 2014",Kill the Messenger,5000000,2450846,6656705,4205859,1656705,True
4351,52,"Dec 17, 2010",Rabbit Hole,5000000,2229058,6205034,3975976,1205034,True
4352,53,"Oct 23, 2015",Jem and the Holograms,5000000,2184640,2368937,184297,-2631063,False
4353,54,"Dec 28, 2016",Paterson,5000000,2141423,10727536,8586113,5727536,True
4354,55,"Jan 30, 1998",Zero Effect,5000000,2080693,2080693,0,-2919307,False
4355,56,"Apr 24, 1992",A Midnight Clear,5000000,1526697,1526697,0,-3473303,False
4356,57,"Oct 22, 2004",The Machinist,5000000,1082044,8655397,7573353,3655397,True
4357,58,"Sep 21, 1992",Light Sleeper,5000000,1050861,1050861,0,-3949139,False
4358,59,"Jul 25, 2008",American Teen,5000000,942441,989319,46878,-4010681,False
4359,60,"Sep 12, 2014",Atlas Shrugged: Who Is John Galt?,5000000,851690,851690,0,-4148310,False
4360,61,"Aug 29, 2003",Party Monster,5000000,742898,894030,151132,-4105970,False
4361,62,"Jul 14, 2006",The Oh in Ohio,5000000,418689,648183,229494,-4351817,False
4362,63,"Feb 21, 1996",Bottle Rocket,5000000,407488,407488,0,-4592512,False
4363,64,"Aug 16, 2013",Ain't Them Bodies Saints,5000000,391611,1075009,683398,-3924991,False
4364,65,"Jan 17, 1997",Albino Alligator,5000000,353480,353480,0,-4646520,False
4365,66,"Sep 26, 2014",Jimi: All is By My Side,5000000,340911,927074,586163,-4072926,False
4366,67,"Aug 3, 2007","Gandhi, My Father",5000000,240425,2015004,1774579,-2984996,False
4367,68,"Apr 25, 2008",Standard Operating Procedure,5000000,228830,332120,103290,-4667880,False
4368,69,"Sep 30, 2011",Tucker & Dale vs. Evil,5000000,223838,5476793,5252955,476793,True
4369,70,"Mar 27, 1998",No Looking Back,5000000,143273,143273,0,-4856727,False
4370,71,"Aug 7, 2015",Cop Car,5000000,134552,143658,9106,-4856342,False
4371,72,"Sep 10, 2010","Lovely, Still",5000000,127564,282687,155123,-4717313,False
4372,73,"Jun 13, 2003",Tycoon,5000000,121016,121016,0,-4878984,False
4373,74,"Jun 4, 1999",Desert Blue,5000000,99147,99147,0,-4900853,False
4374,75,"Feb 27, 2004",Decoys,5000000,84733,96760,12027,-4903240,False
4375,76,"May 30, 2008",Stuck,5000000,67505,67505,0,-4932495,False
4376,77,"Nov 16, 2007",Redacted,5000000,65388,861325,795937,-4138675,False
4377,78,"Oct 17, 2014",Rudderless,5000000,56001,567219,511218,-4432781,False
4378,79,"Jan 28, 2005",Fascination,5000000,16670,83356,66686,-4916644,False
4379,80,"Aug 14, 2009",Grace,5000000,8297,8297,0,-4991703,False
4380,81,"May 15, 2015",Area 51,5000000,7556,7556,0,-4992444,False
4381,82,"Oct 26, 2012",Mientras duermes,5000000,0,9109597,9109597,4109597,True
4382,83,"Jul 7, 2009",Flying By,5000000,0,4568257,4568257,-431743,False
4383,84,"Dec 31, 2008",The Cottage,5000000,0,1504960,1504960,-3495040,False
4384,85,"Dec 5, 2014",Dying of the Light,5000000,0,74639,74639,-4925361,False
4385,86,"Sep 2, 2016",Yoga Hosers,5000000,0,22958,22958,-4977042,False
4386,87,"Feb 17, 2009",Dead Like Me: Life After Death,5000000,0,0,0,-5000000,False
4387,88,"Jan 30, 2007",Farce of the Penguins,5000000,0,0,0,-5000000,False
4388,89,"Dec 31, 2010",Psych 9,5000000,0,0,0,-5000000,False
4389,90,"Nov 21, 2014",Reach Me,5000000,0,0,0,-5000000,False
4390,91,"Aug 18, 2014",Henry & Me,5000000,0,0,0,-5000000,False
4391,92,"Jan 27, 2015",Born of War,5000000,0,0,0,-5000000,False
4392,93,"Jan 9, 2015",Let's Kill Ward's Wife,5000000,0,0,0,-5000000,False
4393,94,"Jan 13, 2015",Capricorn One,5000000,0,0,0,-5000000,False
4394,95,"Dec 31, 2011",We Have Your Husband,5000000,0,0,0,-5000000,False
4395,96,"Dec 31, 2012",Should've Been Romeo,5000000,0,0,0,-5000000,False
4396,97,"Dec 31, 2015",Aztec Warrior,5000000,0,0,0,-5000000,False
4397,98,"Sep 25, 2015",Navy SEAL vs. Zombies,5000000,0,0,0,-5000000,False
4398,99,"Mar 15, 2016",The Hatching,5000000,0,0,0,-5000000,False
4399,100,"Oct 27, 2015",Running Forever,5000000,0,0,0,-5000000,False
4400,1,"Jan 23, 2015",Mommy,4900000,3498695,17536004,14037309,12636004,True
4401,2,"Aug 29, 2008",Obsluhoval jsem anglickÃ©ho krÃ¡le,4900000,617228,7174984,6557756,2274984,True
4402,3,"Aug 20, 2010",Soul Kitchen,4900000,276901,23347461,23070560,18447461,True
4403,4,"Aug 17, 2012",The Awakening,4900000,95933,6924321,6828388,2024321,True
4404,5,"Jan 18, 2008",All Hat,4900000,15198,15198,0,-4884802,False
4405,6,"Nov 20, 1996",Sling Blade,4833610,24475416,34175000,9699584,29341390,True
4406,7,"Jan 6, 2006",Hostel,4800000,47326473,82241110,34914637,77441110,True
4407,8,"Jul 19, 2013",Only God Forgives,4800000,775849,4494560,3718711,-305440,False
4408,9,"Sep 30, 2011",Take Shelter,4750000,1728953,4972016,3243063,222016,True
4409,10,"Jan 27, 2006",Tristram Shandy: A Cock and Bull Story,4750000,1253413,3061763,1808350,-1688237,False
4410,11,"Aug 22, 1986",The Texas Chainsaw Massacre 2,4700000,8025872,8025872,0,3325872,True
4411,12,"Apr 22, 1988",Lady in White,4700000,1705139,1705139,0,-2994861,False
4412,13,"Oct 13, 2006",Driving Lessons,4700000,239962,239962,0,-4460038,False
4413,14,"Dec 31, 2011",Without Men,4700000,0,0,0,-4700000,False
4414,15,"Mar 10, 2015",Treading Water,4700000,0,0,0,-4700000,False
4415,16,"May 23, 1973",Pat Garrett and Billy the Kid,4638783,8000000,11000000,3000000,6361217,True
4416,17,"Jul 16, 2004",Camping Sauvage,4600000,3479302,3479302,0,-1120698,False
4417,18,"Sep 14, 2012",Barfi,4600000,2804874,36751984,33947110,32151984,True
4418,19,"Mar 4, 2005",Dear Frankie,4600000,1340891,3099369,1758478,-1500631,False
4419,20,"Dec 29, 2004",The Assassination of Richard Nixon,4600000,708776,4880143,4171367,280143,True
4420,21,"Jun 24, 2011",Le nom des gens,4600000,514237,9261711,8747474,4661711,True
4421,22,"May 28, 2008",Savage Grace,4600000,434417,968805,534388,-3631195,False
4422,23,"Oct 19, 2007",Out of the Blue,4600000,728,731767,731039,-3868233,False
4423,24,"Mar 23, 1984",Police Academy,4500000,81198894,81198894,0,76698894,True
4424,25,"Mar 9, 1994",Four Weddings and a Funeral,4500000,52700832,242895809,190194977,238395809,True
4425,26,"Jun 20, 1980",The Blue Lagoon,4500000,47923795,47923795,0,43423795,True
4426,27,"Aug 13, 1982",Fast Times at Ridgemont High,4500000,27092880,27092880,0,22592880,True
4427,28,"Sep 28, 1996",Secrets & Lies,4500000,13417292,13417292,0,8917292,True
4428,29,"Dec 19, 2002",25th Hour,4500000,13084595,25344490,12259895,20844490,True
4429,30,"Sep 13, 1985",After Hours,4500000,10609321,10609321,0,6109321,True
4430,31,"Jun 27, 1956",Moby Dick,4500000,10400000,10400000,0,5900000,True
4431,32,"Mar 25, 2016",The Lobster,4500000,9196278,18019834,8823556,13519834,True
4432,33,"Oct 4, 1996",Bound,4500000,3802260,7011317,3209057,2511317,True
4433,34,"Oct 6, 2000",Requiem for a Dream,4500000,3635482,7389233,3753751,2889233,True
4434,35,"Mar 9, 1962",State Fair,4500000,3500000,3500000,0,-1000000,False
4435,36,"Oct 24, 2008",LÃ¥t den rÃ¤tte komma in,4500000,2122085,12247682,10125597,7747682,True
4436,37,"Feb 12, 1999",Tango,4500000,1687311,5428387,3741076,928387,True
4437,38,"Apr 23, 1986",Salvador,4500000,1500000,1500000,0,-3000000,False
4438,39,"Oct 26, 2001",Donnie Darko,4500000,1480006,7510877,6030871,3010877,True
4439,40,"Sep 2, 2011",Salvando al Soldado Perez,4500000,1400726,9330465,7929739,4830465,True
4440,41,"Mar 27, 1998",Karakter,4500000,713413,713413,0,-3786587,False
4441,42,"Aug 19, 2011",Nannerl la soeur de Mozart,4500000,707885,2404639,1696754,-2095361,False
4442,43,"Mar 14, 2003",Spun,4500000,410241,1022649,612408,-3477351,False
4443,44,"Jul 23, 2010",Life During Wartime,4500000,281447,281447,0,-4218553,False
4444,45,"May 4, 2006",Chinjeolhan geumjassi,4500000,211667,23471871,23260204,18971871,True
4445,46,"Oct 7, 2011",Blackthorn,4500000,200558,1217307,1016749,-3282693,False
4446,47,"May 8, 2015",Maggie,4500000,187112,1027760,840648,-3472240,False
4447,48,"Apr 18, 2003",Lilja 4-ever,4500000,181655,4556982,4375327,56982,True
4448,49,"Apr 9, 2010",After.Life,4500000,108596,2481925,2373329,-2018075,False
4449,50,"Feb 22, 2002",Mean Machine,4500000,92723,92723,0,-4407277,False
4450,51,"Aug 31, 2007",Fong juk,4500000,51957,51957,0,-4448043,False
4451,52,"Jul 23, 2010",Spoken Word,4500000,32961,32961,0,-4467039,False
4452,53,"Mar 1, 2013",The Sweeney,4500000,26345,8000366,7974021,3500366,True
4453,54,"Sep 4, 2014",Falcon Rising,4500000,11774,11774,0,-4488226,False
4454,55,"Jun 25, 2013",Hansel & Gretel Get Baked,4500000,0,0,0,-4500000,False
4455,56,"Nov 7, 2014",Fugly,4500000,0,0,0,-4500000,False
4456,57,"Aug 28, 2015",Zipper,4500000,0,0,0,-4500000,False
4457,58,"Nov 3, 2015",The Final Girls,4500000,0,0,0,-4500000,False
4458,59,"Dec 1, 2017",Daisy Winters,4500000,0,0,0,-4500000,False
4459,60,"Nov 19, 1975",One Flew Over the Cuckoo's Nest,4400000,108981275,108997629,16354,104597629,True
4460,61,"Jun 25, 1976",Silent Movie,4400000,36145695,36145695,0,31745695,True
4461,62,"Dec 31, 2016",Airlift (2016),4400000,0,9969237,9969237,5569237,True
4462,63,"Sep 29, 2015",R.L. Stine's Monsterville: The Cabinet of Souls,4400000,0,0,0,-4400000,False
4463,64,"Jun 6, 2014",Anna,4357373,0,1200000,1200000,-3157373,False
4464,65,"Jun 6, 2003",Whale Rider,4300000,20779666,39374600,18594934,35074600,True
4465,66,"Jun 13, 2001",Sexy Beast,4300000,6946056,10158355,3212299,5858355,True
4466,67,"Dec 4, 2009",Paa,4300000,199228,9791282,9592054,5491282,True
4467,68,"Jul 11, 2012",Snabba Cash,4300000,188870,10212403,10023533,5912403,True
4468,69,"Oct 19, 1990",Night of the Living Dead,4200000,5835247,5835247,0,1635247,True
4469,70,"Feb 17, 2006",Nochnoy dozor,4200000,1502188,33913542,32411354,29713542,True
4470,71,"Aug 13, 2010",Animal Kingdom,4200000,1044039,8078683,7034644,3878683,True
4471,72,"May 28, 2010",George A. Romero's Survival of the Dead,4200000,101740,101740,0,-4098260,False
4472,73,"Oct 21, 2011",Cargo,4200000,0,313230,313230,-3886770,False
4473,74,"May 23, 2006",High School Musical,4200000,0,0,0,-4200000,False
4474,75,"Mar 6, 1998",Love and Death on Long Island,4030000,2542264,2542264,0,-1487736,False
4475,76,"Mar 19, 1982",Porky's,4000000,109492484,109492484,0,105492484,True
4476,77,"Feb 5, 1953",Peter Pan,4000000,87400000,87400000,0,83400000,True
4477,78,"Nov 25, 1992",The Crying Game,4000000,62546695,62546695,0,58546695,True
4478,79,"Sep 12, 2003",Lost in Translation,4000000,44585453,117085297,72499844,113085297,True
4479,80,"Apr 20, 1977",Annie Hall,4000000,38251425,38251425,0,34251425,True
4480,81,"Jan 23, 2015",The Boy Next Door,4000000,36006065,53401938,17395873,49401938,True
4481,82,"Jan 10, 1952",The Greatest Show on Earth,4000000,36000000,36000000,0,32000000,True
4482,83,"Oct 27, 1995",Leaving Las Vegas,4000000,31983777,49800000,17816223,45800000,True
4483,84,"Dec 26, 2001",Monster's Ball,4000000,31273922,43766463,12492541,39766463,True
4484,85,"Jul 11, 2014",Boyhood,4000000,25379975,57273049,31893074,53273049,True
4485,86,"Dec 15, 1960",Exodus,4000000,21750000,21750000,0,17750000,True
4486,87,"Jul 9, 2010",The Kids Are All Right,4000000,20811365,36275469,15464104,32275469,True
4487,88,"Aug 17, 1979",Life of Brian,4000000,20182359,20468305,285946,16468305,True
4488,89,"Apr 18, 2014",A Haunted House 2,4000000,17329487,21206861,3877374,17206861,True
4489,90,"Mar 1, 2013",The Last Exorcism Part II,4000000,15179303,25448707,10269404,21448707,True
4490,91,"Dec 17, 1974",The Front Page,4000000,15000000,15000000,0,11000000,True
4491,92,"May 30, 1956",Trapeze,4000000,14400000,14400000,0,10400000,True
4492,93,"Aug 16, 1985",The Return of the Living Dead,4000000,14237880,14237880,0,10237880,True
4493,94,"Nov 4, 1988",They Live,4000000,13000000,13000774,774,9000774,True
4494,95,"Aug 4, 2000",Saving Grace,4000000,12178602,27786849,15608247,23786849,True
4495,96,"Aug 8, 1963",The Great Escape,4000000,11744471,11972561,228090,7972561,True
4496,97,"Feb 6, 2004",What the #$'! Do We Know,4000000,10941801,10941801,0,6941801,True
4497,98,"May 13, 2016",The Darkness,4000000,10753574,10898293,144719,6898293,True
4498,99,"Jul 28, 2006",Scoop,4000000,10525717,40103262,29577545,36103262,True
4499,100,"Nov 14, 2001",The Wash,4000000,10097096,10097096,0,6097096,True
4500,1,"Mar 1, 2000",3 Strikes,4000000,9821335,9821335,0,5821335,True
4501,2,"Apr 11, 2008",The Visitor,4000000,9427026,19174817,9747791,15174817,True
4502,3,"Nov 26, 2003",The Cooler,4000000,8291572,11131455,2839883,7131455,True
4503,4,"Feb 1, 1961",The Misfits,4000000,8200000,8200000,0,4200000,True
4504,5,"Aug 4, 2006",The Night Listener,4000000,7836393,10770993,2934600,6770993,True
4505,6,"Feb 3, 1995",The Jerky Boys,4000000,7555256,7555256,0,3555256,True
4506,7,"Dec 28, 2007",El orfanato,4000000,7159147,79250193,72091046,75250193,True
4507,8,"May 25, 2007",Bug,4000000,7006708,8302995,1296287,4302995,True
4508,9,"Oct 11, 2002",The Rules of Attraction,4000000,6525762,11799060,5273298,7799060,True
4509,10,"Dec 19, 1969",Topaz,4000000,6000000,6000000,0,2000000,True
4510,11,"Nov 17, 2006",Let's Go to Prison,4000000,4630045,4630045,0,630045,True
4511,12,"Dec 25, 1995",Four Rooms,4000000,4301000,4301000,0,301000,True
4512,13,"Sep 20, 2002",Secretary,4000000,4046737,9413956,5367219,5413956,True
4513,14,"Apr 25, 2003",The Real Cancun,4000000,3816594,3816594,0,-183406,False
4514,15,"Dec 1, 1988",Talk Radio,4000000,3468572,3468572,0,-531428,False
4515,16,"Jan 31, 1997",Waiting for Guffman,4000000,2922988,2922988,0,-1077012,False
4516,17,"Sep 10, 1999",Love Stinks,4000000,2793776,2793776,0,-1206224,False
4517,18,"Aug 24, 2012",Samsara,4000000,2672413,5966671,3294258,1966671,True
4518,19,"Jun 22, 2007",You Kill Me,4000000,2426851,3858964,1432113,-141036,False
4519,20,"Jun 17, 2011",The Art of Getting By,4000000,1430241,1989035,558794,-2010965,False
4520,21,"Sep 16, 2005",Thumbsucker,4000000,1328679,1919197,590518,-2080803,False
4521,22,"Sep 23, 2011",Red State,4000000,1065429,1983596,918167,-2016404,False
4522,23,"Sep 30, 2005",MirrorMask,4000000,864959,973613,108654,-3026387,False
4523,24,"Mar 31, 1987",The Barbarians,4000000,800000,800000,0,-3200000,False
4524,25,"Oct 17, 2012",Holy Motors,4000000,641054,4230426,3589372,230426,True
4525,26,"Jun 13, 2014",The Signal,4000000,600896,2665322,2064426,-1334678,False
4526,27,"Feb 28, 2003",Poolhall Junkies,4000000,563711,563711,0,-3436289,False
4527,28,"May 28, 1999",The Loss of Sexual Innocence,4000000,399793,399793,0,-3600207,False
4528,29,"Mar 7, 2014",The Face of Love,4000000,385069,1158877,773808,-2841123,False
4529,30,"Apr 11, 2014",Joe,4000000,373375,373375,0,-3626625,False
4530,31,"Mar 4, 1988",Prison,4000000,354704,354704,0,-3645296,False
4531,32,"May 1, 1998",Shooting Fish,4000000,302204,302204,0,-3697796,False
4532,33,"May 8, 2009",Adoration,4000000,294244,384244,90000,-3615756,False
4533,34,"Aug 4, 2000",Psycho Beach Party,4000000,267972,267972,0,-3732028,False
4534,35,"Jun 7, 2019",Late Night,4000000,246305,246305,0,-3753695,False
4535,36,"Jan 28, 2000",The Big Tease,4000000,185577,185577,0,-3814423,False
4536,37,"Aug 25, 2017",Polina danser sa vie,4000000,165203,953314,788111,-3046686,False
4537,38,"Apr 10, 2015",Desert Dancer,4000000,155271,596335,441064,-3403665,False
4538,39,"Jan 30, 2015","Guten Tag, Ramon",4000000,154356,4854356,4700000,854356,True
4539,40,"Jul 25, 2003",Mondays in the Sun,4000000,146402,146402,0,-3853598,False
4540,41,"Jun 19, 2015",Manglehorn,4000000,132270,797439,665169,-3202561,False
4541,42,"Apr 2, 2010",Tau ming chong,4000000,129078,38899792,38770714,34899792,True
4542,43,"Apr 1, 2011",Trust,4000000,120016,120016,0,-3879984,False
4543,44,"Dec 22, 2000",An Everlasting Piece,4000000,75078,75078,0,-3924922,False
4544,45,"Mar 26, 1999",Among Giants,4000000,64359,64359,0,-3935641,False
4545,46,"Jul 16, 1999",The Velocity of Gary,4000000,34145,34145,0,-3965855,False
4546,47,"Apr 22, 2011",Stake Land,4000000,33245,679482,646237,-3320518,False
4547,48,"Feb 27, 2015",Praia do Futuro,4000000,20620,760678,740058,-3239322,False
4548,49,"Dec 27, 2002",Sonny,4000000,17639,17639,0,-3982361,False
4549,50,"Jun 20, 1997",The Last Time I Committed Suicide,4000000,12836,12836,0,-3987164,False
4550,51,"Apr 18, 2014",13 Sins,4000000,9134,47552,38418,-3952448,False
4551,52,"Nov 18, 2011",Another Happy Day,4000000,9120,978527,969407,-3021473,False
4552,53,"Feb 22, 2013",Inescapable,4000000,4327,4327,0,-3995673,False
4553,54,"Dec 31, 2017",Perfectos Desconocidos,4000000,0,31166312,31166312,27166312,True
4554,55,"Dec 31, 2013",Geograf globus propil,4000000,0,4454853,4454853,454853,True
4555,56,"Mar 20, 2012",A Lonely Place to Die,4000000,0,442550,442550,-3557450,False
4556,57,"Dec 31, 2003",Nothing,4000000,0,63180,63180,-3936820,False
4557,58,"Jun 1, 2012",The Loved Ones,4000000,0,12302,12302,-3987698,False
4558,59,"Nov 9, 1972",1776,4000000,0,0,0,-4000000,False
4559,60,"Nov 15, 1930",Hell's Angels,4000000,0,0,0,-4000000,False
4560,61,"Aug 26, 2008",Purple Violets,4000000,0,0,0,-4000000,False
4561,62,"Nov 9, 2012",Replicas,4000000,0,0,0,-4000000,False
4562,63,"Dec 31, 2012",The Helpers,4000000,0,0,0,-4000000,False
4563,64,"Dec 31, 2015",The Veil,4000000,0,0,0,-4000000,False
4564,65,"Jul 11, 2014",The Perfect Wave,4000000,0,0,0,-4000000,False
4565,66,"Dec 31, 2012",How to Fall in Love,4000000,0,0,0,-4000000,False
4566,67,"Sep 8, 2015",Chain of Command,4000000,0,0,0,-4000000,False
4567,68,"Dec 15, 1939",Gone with the Wind,3900000,198680470,390525192,191844722,386625192,True
4568,69,"Dec 12, 1966",A Man for All Seasons,3900000,28350000,28350000,0,24450000,True
4569,70,"Dec 30, 1925",Ben-Hur: A Tale of the Christ,3900000,9000000,9000000,0,5100000,True
4570,71,"Jan 1, 1976",Network,3800000,23689877,23689877,0,19889877,True
4571,72,"Jan 14, 2011",Down for Life,3800000,41914,41914,0,-3758086,False
4572,73,"Apr 30, 2010",The Good Heart,3800000,20930,340930,320000,-3459070,False
4573,74,"Apr 7, 1965",Major Dundee,3800000,14873,14873,0,-3785127,False
4574,75,"Oct 5, 2018",Hevi reissu,3800000,10153,10153,0,-3789847,False
4575,76,"Dec 31, 1974",The Taking of Pelham One Two Three,3800000,0,0,0,-3800000,False
4576,77,"May 17, 1950",Annie Get Your Gun,3768785,8000000,8000000,0,4231215,True
4577,78,"Aug 11, 2006",Casa de Areia,3750000,539285,1178175,638890,-2571825,False
4578,79,"Nov 5, 2010",Four Lions,3750000,310007,2436111,2126104,-1313889,False
4579,80,"Feb 19, 2010",Defendor,3750000,44462,44462,0,-3705538,False
4580,81,"May 13, 1970",The Ballad of Cable Hogue,3716946,3500000,5000000,1500000,1283054,True
4581,82,"May 20, 1948",The Pirate,3700000,2956000,2956000,0,-744000,False
4582,83,"Nov 21, 2006",The History Boys,3700000,2730296,13447998,10717702,9747998,True
4583,84,"Nov 3, 2006",Unknown,3700000,26403,3355048,3328645,-344952,False
4584,85,"May 25, 1969",Midnight Cowboy,3600000,44785053,44785053,0,41185053,True
4585,86,"Oct 10, 2008",Billy: The Early Years of Billy Graham,3600000,320896,320896,0,-3279104,False
4586,87,"Dec 31, 2017",UtÃ¸ya 22. juli,3600000,0,173156,173156,-3426844,False
4587,88,"Jul 4, 1980",Airplane!,3500000,83453539,83453539,0,79953539,True
4588,89,"Jan 1, 1970",M*A*S*H,3500000,81600000,81600000,0,78100000,True
4589,90,"Aug 13, 1997",The Full Monty,3500000,45950122,261249383,215299261,257749383,True
4590,91,"Apr 13, 2018",Truth or Dare,3500000,41411015,95127344,53716329,91627344,True
4591,92,"May 26, 1993",Menace II Society,3500000,27731527,27731527,0,24231527,True
4592,93,"Apr 26, 1995",Friday,3500000,27467564,27936778,469214,24436778,True
4593,94,"Feb 19, 2016",The Witch,3500000,25138705,40454520,15315815,36954520,True
4594,95,"Feb 2, 2018",Winchester,3500000,25091816,44378040,19286224,40878040,True
4595,96,"Dec 6, 2002",Empire,3500000,17504595,18495444,990849,14995444,True
4596,97,"Feb 22, 2013",Dark Skies,3500000,17418667,27704111,10285444,24204111,True
4597,98,"Jan 19, 2018",Forever My Girl,3500000,16376066,16376066,0,12876066,True
4598,99,"May 1, 1987",Creepshow 2,3500000,14000000,14000000,0,10500000,True
4599,100,"Dec 14, 1967",In Cold Blood,3500000,13000000,13007551,7551,9507551,True
4600,1,"Jul 18, 1959",The Nun's Story,3500000,12800000,12800000,0,9300000,True
4601,2,"Jun 21, 1972",Frenzy,3500000,12600000,12600000,0,9100000,True
4602,3,"Feb 23, 1966",Harper,3500000,12000000,12000000,0,8500000,True
4603,4,"May 27, 1998",I Got the Hook-Up!,3500000,10317779,10317779,0,6817779,True
4604,5,"Aug 23, 1996",She's the One,3500000,9482579,13795053,4312474,10295053,True
4605,6,"Jan 1, 1980",Terror Train,3500000,8000000,8000000,0,4500000,True
4606,7,"Nov 6, 1998",Gods and Monsters,3500000,6451628,6451628,0,2951628,True
4607,8,"Apr 16, 2010",El secreto de sus ojos,3500000,6391436,40527719,34136283,37027719,True
4608,9,"Mar 13, 1987",Evil Dead II,3500000,5923044,5926177,3133,2426177,True
4609,10,"Jun 30, 1985",Day of the Dead,3500000,5804262,34004262,28200000,30504262,True
4610,11,"May 18, 2018",First Reformed,3500000,3448256,3874772,426516,374772,True
4611,12,"Jun 29, 2001",Pootie Tang,3500000,3293258,3293258,0,-206742,False
4612,13,"Dec 2, 2016",Believe,3500000,890303,890303,0,-2609697,False
4613,14,"Apr 19, 2000",La otra conquista,3500000,886410,886410,0,-2613590,False
4614,15,"Sep 30, 2016",American Honey,3500000,663247,2611750,1948503,-888250,False
4615,16,"Mar 18, 2016",The Bronze,3500000,615816,615816,0,-2884184,False
4616,17,"Jun 10, 2011",Trolljegeren,3500000,253444,5706638,5453194,2206638,True
4617,18,"Sep 14, 2007",Ira and Abby,3500000,221096,221096,0,-3278904,False
4618,19,"Jan 8, 2016",The Masked Saint,3500000,182695,182695,0,-3317305,False
4619,20,"Feb 17, 2006",Winter Passing,3500000,107492,113783,6291,-3386217,False
4620,21,"Mar 25, 2005",D.E.B.S.,3500000,96793,96793,0,-3403207,False
4621,22,"Jun 3, 2016",Time to Choose,3500000,29233,29233,0,-3470767,False
4622,23,"Jun 26, 2009",Surveillance,3500000,27349,1396395,1369046,-2103605,False
4623,24,"Sep 17, 1999",Taxman,3500000,9871,9871,0,-3490129,False
4624,25,"Dec 31, 2011",The Kick,3500000,0,40622,40622,-3459378,False
4625,26,"Jun 30, 2009",The Betrayed,3500000,0,0,0,-3500000,False
4626,27,"Oct 1, 2006",The Secret,3500000,0,0,0,-3500000,False
4627,28,"Jun 28, 2011",2:13,3500000,0,0,0,-3500000,False
4628,29,"Jan 29, 2013","Batman: The Dark Knight Returns, Part 2",3500000,0,0,0,-3500000,False
4629,30,"Mar 11, 2014",In the Name of the King III,3500000,0,0,0,-3500000,False
4630,31,"Mar 4, 2014",Wicked Blood,3500000,0,0,0,-3500000,False
4631,32,"Jun 5, 2015",Dawn Patrol,3500000,0,0,0,-3500000,False
4632,33,"May 17, 2013",Jagten,3450000,687185,18309793,17622608,14859793,True
4633,34,"Sep 1, 2015",Lords of London,3440000,0,0,0,-3440000,False
4634,35,"Jun 24, 2005",La marche de l'empereur,3400000,77437223,133276359,55839136,129876359,True
4635,36,"Dec 23, 1977",High Anxiety,3400000,31063038,31063038,0,27663038,True
4636,37,"Oct 21, 2011",Margin Call,3400000,5353586,20433227,15079641,17033227,True
4637,38,"Sep 26, 2008",Choke,3400000,2926565,4124277,1197712,724277,True
4638,39,"Apr 23, 2004",L\'incomparable mademoiselle C.,3400000,493905,493905,0,-2906095,False
4639,40,"Jul 11, 2008",August,3400000,12636,12636,0,-3387364,False
4640,41,"Mar 3, 2015",To Write Love On Her Arms,3400000,0,0,0,-3400000,False
4641,42,"Feb 16, 1956",Carousel,3380000,0,3604,3604,-3376396,False
4642,43,"Oct 10, 2014",Whiplash,3300000,13092006,38969037,25877031,35669037,True
4643,44,"Oct 26, 2007",Bella,3300000,8093373,12405473,4312100,9105473,True
4644,45,"Jan 17, 2003",Cidade de Deus,3300000,7563397,32059295,24495898,28759295,True
4645,46,"May 5, 2000",Human Traffic,3300000,104257,5422740,5318483,2122740,True
4646,47,"Dec 29, 2006",The Dead Girl,3300000,19875,19875,0,-3280125,False
4647,48,"Jan 20, 2015",The Opposite Sex,3300000,0,50206,50206,-3249794,False
4648,49,"Nov 18, 1983",A Christmas Story,3250000,20605209,20605209,0,17355209,True
4649,50,"Aug 20, 1982",Class of 1984,3250000,6965361,6965361,0,3715361,True
4650,51,"Jan 30, 2009",Entre les murs,3250000,3766810,34114067,30347257,30864067,True
4651,52,"Oct 29, 1999",Dreaming of Joseph Lees,3250000,7680,7680,0,-3242320,False
4652,53,"Jun 12, 1968",Rosemary's Baby,3200000,33395426,33395426,0,30195426,True
4653,54,"Jul 6, 2018",Sorry to Bother You,3200000,17493096,18285560,792464,15085560,True
4654,55,"Apr 22, 1962",The Man Who Shot Liberty Valance,3200000,8000000,8000000,0,4800000,True
4655,56,"Jul 16, 2004",Maria Full of Grace,3200000,6529624,14441158,7911534,11241158,True
4656,57,"Jun 3, 2011",Beginners,3200000,5790894,14314407,8523513,11114407,True
4657,58,"Apr 22, 2016",The Meddler,3200000,4267219,5526942,1259723,2326942,True
4658,59,"Jul 29, 2009",Adam,3200000,2283291,2834485,551194,-365515,False
4659,60,"Sep 22, 2006",Feast,3200000,56131,690872,634741,-2509128,False
4660,61,"Dec 20, 1946",Itâs a Wonderful Life,3180000,6600000,10768908,4168908,7588908,True
4661,62,"Jul 19, 1996",Trainspotting,3100000,16501785,71558971,55057186,68458971,True
4662,63,"Apr 12, 2013",Antiviral,3100000,0,123407,123407,-2976593,False
4663,64,"Jul 28, 1978",National Lampoon's Animal House,3000000,141600000,141600000,0,138600000,True
4664,65,"Oct 20, 2010",Paranormal Activity 2,3000000,84752907,177512032,92759125,174512032,True
4665,66,"Aug 28, 2015",War Room,3000000,67790117,73975239,6185122,70975239,True
4666,67,"Jun 7, 2013",The Purge,3000000,64473115,91266581,26793466,88266581,True
4667,68,"Dec 22, 1964",Goldfinger,3000000,51100000,124900000,73800000,121900000,True
4668,69,"Oct 12, 2012",Sinister,3000000,48086903,87727807,39640904,84727807,True
4669,70,"Aug 18, 2000",The Original Kings of Comedy,3000000,38168022,38236338,68316,35236338,True
4670,71,"Dec 18, 1957",The Bridge on the River Kwai,3000000,33300000,33300000,0,30300000,True
4671,72,"Jan 1, 1978",Coming Home,3000000,32653000,32653000,0,29653000,True
4672,73,"Nov 20, 1998",Waking Ned Devine,3000000,24793251,55193251,30400000,52193251,True
4673,74,"Aug 1, 1997",Air Bud,3000000,24646936,27788649,3141713,24788649,True
4674,75,"Oct 11, 2002",Bowling for Columbine,3000000,21576018,58240487,36664469,55240487,True
4675,76,"Nov 1, 1985",A Nightmare on Elm Street Part 2: Freddy's Revenge,3000000,21163999,21163999,0,18163999,True
4676,77,"Mar 7, 1986",A Room with a View,3000000,20966644,20966644,0,17966644,True
4677,78,"Jun 10, 1975",Love and Death,3000000,20123742,20123742,0,17123742,True
4678,79,"Aug 1, 1986",Friday the 13th Part VI: Jason Lives,3000000,19472057,19472057,0,16472057,True
4679,80,"Aug 2, 2002",Martin Lawrence Live: RunTelDat,3000000,19184820,19184820,0,16184820,True
4680,81,"Jun 15, 1960",The Apartment,3000000,18600000,24600000,6000000,21600000,True
4681,82,"Sep 20, 1958",Cat on a Hot Tin Roof,3000000,17570324,17570324,0,14570324,True
4682,83,"May 26, 1970",Beneath the Planet of the Apes,3000000,17489009,17489009,0,14489009,True
4683,84,"Apr 6, 2001",Pokemon 3: The Movie,3000000,17052128,68452128,51400000,65452128,True
4684,85,"Aug 13, 1993",Jason Goes to Hell: The Final Friday,3000000,15935068,15935068,0,12935068,True
4685,86,"Apr 27, 1990",Spaced Invaders,3000000,15000000,15000000,0,12000000,True
4686,87,"Apr 9, 1976",Family Plot,3000000,13200000,13200000,0,10200000,True
4687,88,"Jul 16, 1966",Torn Curtain,3000000,13000000,13000000,0,10000000,True
4688,89,"Jun 1, 2018",Upgrade,3000000,11977130,16553285,4576155,13553285,True
4689,90,"Mar 3, 2006",Dave Chappelle's Block Party,3000000,11718595,12051924,333329,9051924,True
4690,91,"Oct 25, 1985",Krush Groove,3000000,11052713,11052713,0,8052713,True
4691,92,"Jul 7, 1960",Elmer Gantry,3000000,10400000,10400000,0,7400000,True
4692,93,"May 8, 2009",Next Day Air,3000000,10027047,10172519,145472,7172519,True
4693,94,"Dec 19, 1961",Judgment at Nuremberg,3000000,10000000,10000000,0,7000000,True
4694,95,"Nov 4, 1998",Belly,3000000,9639390,9639390,0,6639390,True
4695,96,"May 12, 1999",Trippinâ,3000000,9017070,9017070,0,6017070,True
4696,97,"Aug 26, 1948",Red River,3000000,9012000,9012000,0,6012000,True
4697,98,"Aug 8, 2001",The Deep End,3000000,8823109,9981635,1158526,6981635,True
4698,99,"May 24, 2013",Before Midnight,3000000,8110621,23251930,15141309,20251930,True
4699,100,"Nov 20, 1987",Teen Wolf Too,3000000,7888000,7888000,0,4888000,True
4700,1,"Jul 31, 2009",The Collector,3000000,7712114,10473836,2761722,7473836,True
4701,2,"Jul 8, 1988",Phantasm II,3000000,7282851,7282851,0,4282851,True
4702,3,"Oct 27, 2017",Let There Be Light,3000000,7233471,7241309,7838,4241309,True
4703,4,"Apr 7, 2006",Phat Girlz,3000000,7061128,7301115,239987,4301115,True
4704,5,"Oct 1, 2004",Woman Thou Art Loosed,3000000,6879730,6879730,0,3879730,True
4705,6,"Oct 18, 2002",Real Women Have Curves,3000000,5853194,7777790,1924596,4777790,True
4706,7,"Aug 28, 1981",Gallipoli,3000000,5732587,5732587,0,2732587,True
4707,8,"Apr 28, 2006",Water,3000000,5529144,11322573,5793429,8322573,True
4708,9,"Jul 22, 2016",Donât Think Twice,3000000,4417983,4417983,0,1417983,True
4709,10,"Jun 24, 2016",Swiss Army Man,3000000,4210454,5837111,1626657,2837111,True
4710,11,"Apr 14, 2000",East is East,3000000,4170647,30438635,26267988,27438635,True
4711,12,"Sep 1, 2000",Whipped,3000000,4142507,4142507,0,1142507,True
4712,13,"Feb 28, 1997",Kama Sutra,3000000,4109095,4109095,0,1109095,True
4713,14,"May 17, 2013",Frances Ha,3000000,4067398,11262769,7195371,8262769,True
4714,15,"Apr 30, 2010",Please Give,3000000,4033574,4570178,536604,1570178,True
4715,16,"Jun 30, 1971",Willy Wonka & the Chocolate Factory,3000000,4000000,4000000,0,1000000,True
4716,17,"Sep 24, 1993",Warlock: The Armageddon,3000000,3902679,3902679,0,902679,True
4717,18,"Apr 18, 1997",8 Heads in a Duffel Bag,3000000,3602884,4002884,400000,1002884,True
4718,19,"Sep 13, 1978",Days of Heaven,3000000,3446749,3660880,214131,660880,True
4719,20,"May 24, 2002",Thirteen Conversations About One Thing,3000000,3287435,3705923,418488,705923,True
4720,21,"Apr 22, 2016",Compadres,3000000,3127773,7445044,4317271,4445044,True
4721,22,"Feb 19, 1999",Jawbreaker,3000000,3076820,3076820,0,76820,True
4722,23,"Aug 9, 1996",Basquiat,3000000,2962051,2962051,0,-37949,False
4723,24,"Feb 24, 2006",Tsotsi,3000000,2912606,11537539,8624933,8537539,True
4724,25,"Apr 9, 2010",Letters to God,3000000,2848587,3237452,388865,237452,True
4725,26,"Oct 16, 1998",Happiness,3000000,2746453,5746453,3000000,2746453,True
4726,27,"Apr 4, 2003",DysFunkTional Family,3000000,2255000,2255000,0,-745000,False
4727,28,"Sep 19, 2014",Tusk,3000000,1821983,1887554,65571,-1112446,False
4728,29,"May 12, 2017",The Wall,3000000,1803064,4495262,2692198,1495262,True
4729,30,"Oct 24, 2003",Elephant,3000000,1266955,10051516,8784561,7051516,True
4730,31,"Apr 6, 2012",Damsels in Distress,3000000,1007535,1324299,316764,-1675701,False
4731,32,"Mar 25, 2005",Oldboy,3000000,707391,6239723,5532332,3239723,True
4732,33,"May 6, 2011",Hobo with a Shotgun,3000000,703372,834953,131581,-2165047,False
4733,34,"May 8, 2015",The D Train,3000000,669688,772366,102678,-2227634,False
4734,35,"Sep 7, 2012",Bachelorette,3000000,446770,12577401,12130631,9577401,True
4735,36,"Jan 15, 2010",Fish Tank,3000000,374675,5922292,5547617,2922292,True
4736,37,"Sep 5, 2008",Everybody Wants to Be Italian,3000000,351416,351416,0,-2648584,False
4737,38,"Sep 9, 2011",Creature,3000000,331000,331000,0,-2669000,False
4738,39,"Dec 9, 2016",The Bounce Back,3000000,321910,421404,99494,-2578596,False
4739,40,"Aug 23, 1996",Freeway,3000000,295493,295493,0,-2704507,False
4740,41,"Oct 6, 2006",Love's Abiding Joy,3000000,252726,252726,0,-2747274,False
4741,42,"Feb 12, 1993",Dead Alive,3000000,242623,242623,0,-2757377,False
4742,43,"Oct 1, 2010",Chain Letter,3000000,205842,1022453,816611,-1977547,False
4743,44,"Mar 2, 2012",Tim and Eric's Billion Dollar Movie,3000000,201436,223652,22216,-2776348,False
4744,45,"Nov 9, 2007",Holly,3000000,163069,163069,0,-2836931,False
4745,46,"Mar 26, 2010",The Eclipse,3000000,133411,133411,0,-2866589,False
4746,47,"Mar 21, 2008",The Grand,3000000,115879,115879,0,-2884121,False
4747,48,"Mar 17, 2006",Sommersturm,3000000,95204,95204,0,-2904796,False
4748,49,"Aug 15, 2014",Fort McCoy,3000000,78948,78948,0,-2921052,False
4749,50,"Aug 4, 1999",The Gambler,3000000,51773,101773,50000,-2898227,False
4750,51,"Oct 13, 2000",Just Looking,3000000,39852,39852,0,-2960148,False
4751,52,"Sep 4, 2015",Before We Go,3000000,37151,483938,446787,-2516062,False
4752,53,"Jan 13, 2012",The Divide,3000000,18000,156362,138362,-2843638,False
4753,54,"Sep 9, 2011",Tanner Hall,3000000,5073,5073,0,-2994927,False
4754,55,"Sep 30, 2005",My Big Fat Independent Movie,3000000,4655,4655,0,-2995345,False
4755,56,"Oct 10, 2017",Demonic,3000000,0,4668109,4668109,1668109,True
4756,57,"Apr 15, 2008",Ã l\'intÃ©rieur,3000000,0,895932,895932,-2104068,False
4757,58,"Jun 27, 2014",They Came Together,3000000,0,82780,82780,-2917220,False
4758,59,"May 21, 2013",Open Road,3000000,0,47469,47469,-2952531,False
4759,60,"Jul 28, 1951",Alice in Wonderland,3000000,0,0,0,-3000000,False
4760,61,"Oct 1, 2010",Barry Munday,3000000,0,0,0,-3000000,False
4761,62,"Dec 31, 2009",The Deported,3000000,0,0,0,-3000000,False
4762,63,"Dec 31, 2009",Chicago Overcoat,3000000,0,0,0,-3000000,False
4763,64,"Sep 13, 2011",Never Back Down 2: The Beatdown,3000000,0,0,0,-3000000,False
4764,65,"Dec 31, 2015",AWOL-72,3000000,0,0,0,-3000000,False
4765,66,"Jan 15, 2013",30 Nights Of Paranormal Activity With The Devil Inside The Girl With The Dragon Tattoo,3000000,0,0,0,-3000000,False
4766,67,"Feb 6, 2015",Enter the Dangerous Mind,3000000,0,0,0,-3000000,False
4767,68,"Mar 17, 2015",Something Wicked,3000000,0,0,0,-3000000,False
4768,69,"Sep 18, 1967",Point Blank,3000000,0,0,0,-3000000,False
4769,70,"Oct 27, 2014",Iguana,3000000,0,0,0,-3000000,False
4770,71,"Dec 31, 2009",Four Single Fathers,3000000,0,0,0,-3000000,False
4771,72,"Aug 14, 2015",Amnesiac,3000000,0,0,0,-3000000,False
4772,73,"Dec 31, 2015",Unnatural,3000000,0,0,0,-3000000,False
4773,74,"Dec 11, 2015",Close Range,3000000,0,0,0,-3000000,False
4774,75,"Jan 18, 1946",The Harvey Girls,2931000,4100000,4100000,0,1169000,True
4775,76,"Feb 15, 1950",Cinderella,2900000,85000000,263591415,178591415,260691415,True
4776,77,"Nov 20, 1998",Central do Brasil,2900000,5969553,17006158,11036605,14106158,True
4777,78,"Dec 19, 1961",Pocketful of Miracles,2900000,5000000,5000000,0,2100000,True
4778,79,"Mar 24, 2006",Boynton Beach Club,2900000,3127472,3127472,0,227472,True
4779,80,"Oct 1, 2010",Freakonomics,2900000,101270,172867,71597,-2727133,False
4780,81,"Aug 19, 2011",Griff the Invisible,2900000,20778,25935,5157,-2874065,False
4781,82,"Mar 29, 1959",Some Like it Hot,2883848,25000000,25019542,19542,22135694,True
4782,83,"Jun 10, 2005",High Tension,2850000,3681066,6435262,2754196,3585262,True
4783,84,"Dec 15, 1974",Young Frankenstein,2800000,86300000,86300000,0,83500000,True
4784,85,"Jun 25, 1976",The Omen,2800000,48570885,48570885,0,45770885,True
4785,86,"Jul 22, 2005",Hustle & Flow,2800000,22202809,23591783,1388974,20791783,True
4786,87,"May 13, 1988",Friday the 13th Part VII: The New Blood,2800000,19170001,19170001,0,16370001,True
4787,88,"Sep 15, 2006",Artie Lange's Beer League,2800000,475000,475000,0,-2325000,False
4788,89,"Aug 25, 1939",The Wizard of Oz,2777000,34063405,34305476,242071,31528476,True
4789,90,"Feb 15, 2008",Diary of the Dead,2750000,952620,5394447,4441827,2644447,True
4790,91,"Oct 17, 1979",The Black Stallion,2700000,37799643,37799643,0,35099643,True
4791,92,"Jun 13, 1997",Ulee's Gold,2700000,9054736,15600000,6545264,12900000,True
4792,93,"Oct 26, 2018",Indivisible,2700000,3511417,3588305,76888,888305,True
4793,94,"Sep 1, 2006",Lage Raho Munna Bhai,2700000,2217561,31517561,29300000,28817561,True
4794,95,"Dec 31, 2015",Sardaar Ji,2700000,0,8200000,8200000,5500000,True
4795,96,"Dec 31, 2008",Rejsen til Saturn,2700000,0,5377665,5377665,2677665,True
4796,97,"Jun 12, 1963",Donovan's Reef,2686000,6600000,6600000,0,3914000,True
4797,98,"Jan 12, 1956",Diane,2660000,0,0,0,-2660000,False
4798,99,"Jan 16, 1998",The Dress,2650000,16556,16556,0,-2633444,False
4799,100,"Dec 24, 1943",A Guy Named Joe,2627000,5363000,5363000,0,2736000,True
4800,1,"Feb 7, 1974",Blazing Saddles,2600000,119500000,119500000,0,116900000,True
4801,2,"Apr 13, 1984",Friday the 13th Part IV: The Final Chapter,2600000,32980880,32980880,0,30380880,True
4802,3,"May 2, 2014",Ida,2600000,3827060,15298355,11471295,12698355,True
4803,4,"Jan 1, 1987",Maurice,2600000,3147950,3198308,50358,598308,True
4804,5,"Jul 9, 2004",Riding Giants,2600000,2276368,3292333,1015965,692333,True
4805,6,"Dec 12, 2008",Los CronocrÃ­menes,2600000,39127,564474,525347,-2035526,False
4806,7,"Dec 31, 2011",La Cara Oculta,2600000,0,7033931,7033931,4433931,True
4807,8,"Dec 7, 2007",Timber Falls,2600000,0,71248,71248,-2528752,False
4808,9,"Dec 31, 2008",Silver Medalist,2600000,0,0,0,-2600000,False
4809,10,"Apr 1, 2011","Fat, Sick & Nearly Dead",2600000,0,0,0,-2600000,False
4810,11,"Apr 10, 1952",Singin' in the Rain,2540000,7200000,7200000,0,4660000,True
4811,12,"Jan 11, 2013",A Haunted House,2500000,40041683,59922558,19880875,57422558,True
4812,13,"Jul 13, 2012",2016: Obamaâs America,2500000,33349941,33349941,0,30849941,True
4813,14,"Jul 3, 2013",Kevin Hart: Let Me Explain,2500000,32244051,32327255,83204,29827255,True
4814,15,"Jul 28, 2004",Garden State,2500000,26782316,36028802,9246486,33528802,True
4815,16,"Oct 4, 1996",That Thing You Do!,2500000,25857416,34557416,8700000,32057416,True
4816,17,"Oct 30, 1981",Halloween II,2500000,25533818,25533818,0,23033818,True
4817,18,"Oct 22, 1982",Halloween 3: Season of the Witch,2500000,14400000,14400000,0,11900000,True
4818,19,"Oct 1, 2008",Religulous,2500000,13011160,13881317,870157,11381317,True
4819,20,"Jan 1, 1971",Escape from the Planet of the Apes,2500000,12300000,12300000,0,9800000,True
4820,21,"May 29, 1963",Hud,2500000,10000000,10000000,0,7500000,True
4821,22,"Aug 2, 2013",The Spectacular Now,2500000,6852971,6916951,63980,4416951,True
4822,23,"Sep 29, 1991",My Own Private Idaho,2500000,6401336,6401336,0,3901336,True
4823,24,"Jan 27, 1995",Before Sunrise,2500000,5274005,5690220,416215,3190220,True
4824,25,"Jun 24, 2016",Hunt for the Wilderpeople,2500000,5205471,23845533,18640062,21345533,True
4825,26,"Aug 17, 2012",Robot & Frank,2500000,3317468,4934356,1616888,2434356,True
4826,27,"Oct 3, 2003",Sur Le Seuil,2500000,2013052,2013052,0,-486948,False
4827,28,"Jun 16, 2000",Jesus' Son,2500000,1282084,1687548,405464,-812452,False
4828,29,"May 27, 2005",Saving Face,2500000,1187266,1269705,82439,-1230295,False
4829,30,"Jun 20, 2008",Brick Lane,2500000,1094998,3838486,2743488,1338486,True
4830,31,"Mar 1, 2013",The Lost Medallion: The Adventures of Billy Stone,2500000,549632,549632,0,-1950368,False
4831,32,"Sep 26, 2003",My Life Without Me,2500000,432360,12267275,11834915,9767275,True
4832,33,"Mar 31, 2006",Marilyn Hotchkiss' Ballroom Dancing and Charm School,2500000,349132,497195,148063,-2002805,False
4833,34,"Apr 1, 2011",Super,2500000,327716,593933,266217,-1906067,False
4834,35,"Nov 14, 2008",Fuel,2500000,174255,174255,0,-2325745,False
4835,36,"Apr 9, 2010",Valley of the Hearts Delight,2500000,118666,118666,0,-2381334,False
4836,37,"Oct 31, 2008",The Other End of the Line,2500000,115504,507446,391942,-1992554,False
4837,38,"Jun 18, 2010",8: The Mormon Proposition,2500000,100280,100280,0,-2399720,False
4838,39,"Apr 17, 2009",Sleep Dealer,2500000,80136,108907,28771,-2391093,False
4839,40,"Aug 24, 2007",Eye of the Dolphin,2500000,72210,72260,50,-2427740,False
4840,41,"Aug 16, 2013",Underdogs,2500000,35017,1392649,1357632,-1107351,False
4841,42,"Sep 8, 2000",Anatomie,2500000,9598,9598,0,-2490402,False
4842,43,"Dec 31, 2009",The Calling,2500000,0,0,0,-2500000,False
4843,44,"Jun 21, 2013",Alien Uprising,2500000,0,0,0,-2500000,False
4844,45,"Dec 31, 2010",Christmas Mail,2500000,0,0,0,-2500000,False
4845,46,"Jul 3, 2015",Stung,2500000,0,0,0,-2500000,False
4846,47,"Sep 1, 2017",Sky Sharks,2500000,0,0,0,-2500000,False
4847,48,"Oct 13, 2015",8 Days,2500000,0,0,0,-2500000,False
4848,49,"Sep 2, 2016",Antibirth,2500000,0,0,0,-2500000,False
4849,50,"Feb 2, 2016",The Rise of the Krays,2500000,0,0,0,-2500000,False
4850,51,"Dec 31, 2014",Not Safe For Work,2500000,0,0,0,-2500000,False
4851,52,"May 13, 2011",Go For It!,2450000,180237,182358,2121,-2267642,False
4852,53,"Oct 16, 1996",Get on the Bus,2400000,5691854,5691854,0,3291854,True
4853,54,"Jan 5, 2007",Thr3e,2400000,1008849,1420418,411569,-979582,False
4854,55,"Sep 1, 2006",Idiocracy,2400000,444093,500296,56203,-1899704,False
4855,56,"Dec 31, 2009",NiktÃ©,2400000,0,1333891,1333891,-1066109,False
4856,57,"Nov 14, 2014",Always Woodstock,2400000,0,0,0,-2400000,False
4857,58,"Jul 25, 2007",This is England,2380000,327919,8739576,8411657,6359576,True
4858,59,"Jun 27, 1944",Bathing Beauty,2361000,3500000,3500000,0,1139000,True
4859,60,"Mar 20, 2015",Do You Believe?,2300000,12985600,14304931,1319331,12004931,True
4860,61,"Jul 17, 1951",Show Boat,2300000,11000000,11000000,0,8700000,True
4861,62,"May 1, 1998","Dancer, Texas Pop. 81",2300000,574838,574838,0,-1725162,False
4862,63,"Sep 5, 2014",Frontera,2300000,59696,59696,0,-2240304,False
4863,64,"Aug 26, 2011",Redemption Road,2300000,29384,29384,0,-2270616,False
4864,65,"Apr 15, 2015",The Toxic Avenger Part II,2300000,0,0,0,-2300000,False
4865,66,"Jan 19, 2016",Eden,2300000,0,0,0,-2300000,False
4866,67,"Jun 19, 1987",The Brave Little Toaster,2300000,0,0,0,-2300000,False
4867,68,"Feb 9, 1940",Pinocchio,2289247,84300000,84300000,0,82010753,True
4868,69,"Nov 13, 1940",Fantasia,2280000,83320000,83320000,0,81040000,True
4869,70,"Aug 13, 1982",Friday the 13th Part 3,2250000,36690067,36690067,0,34440067,True
4870,71,"Oct 9, 1971",The French Connection,2200000,41158757,41158757,0,38958757,True
4871,72,"Mar 22, 1985",Friday the 13th Part V: A New Beginning,2200000,21930418,21930418,0,19730418,True
4872,73,"Feb 9, 2007",The Last Sin Eater,2200000,388390,388390,0,-1811610,False
4873,74,"Dec 31, 2008",Impact Point,2200000,0,0,0,-2200000,False
4874,75,"May 3, 1945",The Valley of Decision,2160000,9132000,9132000,0,6972000,True
4875,76,"Dec 31, 2005",Chicken Tikka Masala,2160000,0,37865,37865,-2122135,False
4876,77,"Oct 7, 2008",Jack Brooks: Monster Slayer,2150000,0,0,0,-2150000,False
4877,78,"Nov 21, 1946",The Best Years of Our Lives,2100000,23600000,23600000,0,21500000,True
4878,79,"Jul 13, 2001",Bully,2100000,881824,1381824,500000,-718176,False
4879,80,"May 29, 2002",Elling,2100000,313436,313436,0,-1786564,False
4880,81,"Oct 16, 2016",Mi America,2100000,3330,3330,0,-2096670,False
4881,82,"Jul 14, 2009",[Rec],2100000,0,23266821,23266821,21166821,True
4882,83,"Dec 31, 2012",Infected,2100000,0,0,0,-2100000,False
4883,84,"Dec 31, 2010",Lies in Plain Sight,2100000,0,0,0,-2100000,False
4884,85,"Oct 6, 2015",The Timber,2100000,0,0,0,-2100000,False
4885,86,"Jan 19, 2016",Sharkskin,2100000,0,0,0,-2100000,False
4886,87,"Sep 30, 2011",Courageous,2000000,34522221,35185884,663663,33185884,True
4887,88,"Apr 8, 1964",From Russia With Love,2000000,24800000,78900000,54100000,76900000,True
4888,89,"May 21, 1982",Mad Max 2: The Road Warrior,2000000,24600832,24600832,0,22600832,True
4889,90,"Aug 15, 1946",Notorious,2000000,24464742,24464742,0,22464742,True
4890,91,"Aug 2, 1967",In the Heat of the Night,2000000,24379978,24407647,27669,22407647,True
4891,92,"Dec 17, 1973",Sleeper,2000000,18344729,18344729,0,16344729,True
4892,93,"Aug 11, 1972",Everything You Always Wanted to Know,2000000,18016290,18016290,0,16016290,True
4893,94,"Mar 13, 2015",It Follows,2000000,14674077,23250755,8576678,21250755,True
4894,95,"Jul 13, 2018",Eighth Grade,2000000,13539710,14341016,801306,12341016,True
4895,96,"Dec 25, 1962",To Kill A Mockingbird,2000000,13129846,13129846,0,11129846,True
4896,97,"Mar 9, 2012",Silent House,2000000,12739737,16610760,3871023,14610760,True
4897,98,"Oct 8, 1999",Boys Don't Cry,2000000,11540607,20741000,9200393,18741000,True
4898,99,"Feb 9, 2007",Das Leben der Anderen,2000000,11284657,81197047,69912390,79197047,True
4899,100,"Apr 8, 2016",Hardcore Henry,2000000,9252038,17187434,7935396,15187434,True
4900,1,"Jun 13, 1962",Lolita,2000000,9250000,9250000,0,7250000,True
4901,2,"Aug 30, 1940",Boom Town,2000000,9172000,9172000,0,7172000,True
4902,3,"Nov 11, 1947",Gentleman's Agreement,2000000,7800000,7800000,0,5800000,True
4903,4,"Sep 25, 1961",The Hustler,2000000,7600000,7600000,0,5600000,True
4904,5,"Dec 31, 1986",Witchboard,2000000,7369373,7369373,0,5369373,True
4905,6,"Nov 26, 2003",Les Triplettes de Belleville,2000000,7301288,17403168,10101880,15403168,True
4906,7,"Jun 26, 1998",Smoke Signals,2000000,6719300,7756617,1037317,5756617,True
4907,8,"Jun 11, 2010",Winter's Bone,2000000,6531503,16131551,9600048,14131551,True
4908,9,"Oct 10, 2014",Meet the Mormons,2000000,6047363,6049171,1808,4049171,True
4909,10,"Aug 15, 2003",American Splendor,2000000,6003587,8685632,2682045,6685632,True
4910,11,"Oct 6, 2017",The Florida Project,2000000,5904366,11295324,5390958,9295324,True
4911,12,"Aug 25, 2017",All Saints,2000000,5802208,5941994,139786,3941994,True
4912,13,"Jul 2, 2004",Before Sunset,2000000,5792822,11217346,5424524,9217346,True
4913,14,"Mar 30, 2001",Amores Perros,2000000,5383834,20883834,15500000,18883834,True
4914,15,"Aug 20, 2003",Thirteen,2000000,4601043,9505996,4904953,7505996,True
4915,16,"Jan 23, 2004",Touching the Void,2000000,4593598,15396525,10802927,13396525,True
4916,17,"Oct 8, 2010",Inside Job,2000000,4311834,7799257,3487423,5799257,True
4917,18,"May 24, 1938",Alexander's Ragtime Band,2000000,4000000,4000000,0,2000000,True
4918,19,"Jun 17, 2005",Me and You and Everyone We Know,2000000,3885134,9615464,5730330,7615464,True
4919,20,"Aug 28, 2015",We Are Your Friends,2000000,3591417,10153415,6561998,8153415,True
4920,21,"Nov 10, 2006",Harsh Times,2000000,3337931,6225304,2887373,4225304,True
4921,22,"Mar 3, 2000",Ghost Dog: The Way of the Samurai,2000000,3330230,10672492,7342262,8672492,True
4922,23,"Sep 18, 2015",Captive,2000000,2583301,2791973,208672,791973,True
4923,24,"Aug 2, 2002",Full Frontal,2000000,2512846,3438804,925958,1438804,True
4924,25,"Jun 8, 2018",Hearts Beat Loud,2000000,2386254,2420962,34708,420962,True
4925,26,"Jan 20, 2017",The Resurrection of Gavin Stone,2000000,2303792,2303792,0,303792,True
4926,27,"Dec 25, 2008",Waltz with Bashir,2000000,2283849,13912289,11628440,11912289,True
4927,28,"Jun 28, 2006",Strangers with Candy,2000000,2072645,2077844,5199,77844,True
4928,29,"Mar 1, 1992",Night on Earth,2000000,2015000,2022893,7893,22893,True
4929,30,"Jan 29, 1993",Nemesis,2000000,2001124,2001124,0,1124,True
4930,31,"Oct 4, 2006",Shortbus,2000000,1985292,1985292,0,-14708,False
4931,32,"May 2, 2008",Son of Rambow: A Home Movie,2000000,1785505,11263263,9477758,9263263,True
4932,33,"Sep 12, 2003","The Book of Mormon Movie, Volume 1: The Journey",2000000,1660865,1660865,0,-339135,False
4933,34,"May 12, 2000",Hamlet,2000000,1577287,2419669,842382,419669,True
4934,35,"Aug 7, 2015",The Diary of a Teenage Girl,2000000,1477002,2279959,802957,279959,True
4935,36,"Jul 27, 2007",No End In Sight,2000000,1433319,1433319,0,-566681,False
4936,37,"Apr 25, 2014",Locke,2000000,1370646,2088390,717744,88390,True
4937,38,"Apr 30, 1999",Get Real,2000000,1152411,1152411,0,-847589,False
4938,39,"Sep 7, 2007",In the Shadow of the Moon,2000000,1134358,2175587,1041229,175587,True
4939,40,"Apr 8, 2011",Meek's Cutoff,2000000,977772,1869928,892156,-130072,False
4940,41,"Nov 28, 2014",The Babadook,2000000,950792,7482387,6531595,5482387,True
4941,42,"Feb 11, 2005",Inside Deep Throat,2000000,691880,691880,0,-1308120,False
4942,43,"Sep 28, 2001",Dinner Rush,2000000,638227,1075504,437277,-924496,False
4943,44,"Sep 24, 2010",The Virginity Hit,2000000,636706,636706,0,-1363294,False
4944,45,"May 15, 1998",Clockwatchers,2000000,537948,539961,2013,-1460039,False
4945,46,"Nov 6, 1985",Subway,2000000,390659,1663296,1272637,-336704,False
4946,47,"Apr 15, 2005",House of D,2000000,388532,466106,77574,-1533894,False
4947,48,"Jan 18, 2008",Teeth,2000000,347578,2350641,2003063,350641,True
4948,49,"Jul 26, 1996",Stonewall,2000000,304602,304602,0,-1695398,False
4949,50,"Sep 8, 2006",Sherrybaby,2000000,199176,759504,560328,-1240496,False
4950,51,"Feb 13, 2015",The Last Five Years,2000000,147299,205298,57999,-1794702,False
4951,52,"Sep 18, 1998",Six-String Samurai,2000000,134624,134624,0,-1865376,False
4952,53,"May 26, 2000",Hum to Mohabbt Karega,2000000,121807,121807,0,-1878193,False
4953,54,"Apr 15, 2005",It's All Gone Pete Tong,2000000,120620,2226603,2105983,226603,True
4954,55,"Jan 29, 2010",Saint John of Las Vegas,2000000,102645,102645,0,-1897355,False
4955,56,"Apr 15, 1998",24 7: Twenty Four Seven,2000000,72544,72544,0,-1927456,False
4956,57,"Sep 19, 2014",Pump,2000000,72277,72277,0,-1927723,False
4957,58,"Oct 24, 2008",Roadside Romeo,2000000,55202,2046090,1990888,46090,True
4958,59,"May 4, 2001",Eureka,2000000,49388,76654,27266,-1923346,False
4959,60,"Apr 7, 2015",Lost River,2000000,45431,2009644,1964213,9644,True
4960,61,"Jul 18, 2003",This Thing of Ours,2000000,37227,37227,0,-1962773,False
4961,62,"Oct 9, 2015",Knock Knock,2000000,36336,6328516,6292180,4328516,True
4962,63,"Feb 3, 2017",Growing up Smith,2000000,35312,35312,0,-1964688,False
4963,64,"Mar 20, 2009",Super Capers,2000000,30955,30955,0,-1969045,False
4964,65,"Jan 1, 1993",Return of the Living Dead 3,2000000,21000,21000,0,-1979000,False
4965,66,"Nov 20, 2009",The Missing Person,2000000,17896,17896,0,-1982104,False
4966,67,"Oct 19, 2012",The First Time,2000000,17061,17061,0,-1982939,False
4967,68,"Feb 10, 2006",London,2000000,12667,12667,0,-1987333,False
4968,69,"Aug 27, 2010",Circle,2000000,10024,10024,0,-1989976,False
4969,70,"Oct 31, 2008",Eden Lake,2000000,7321,4294373,4287052,2294373,True
4970,71,"Jun 11, 2010",Jerusalema,2000000,7294,10679,3385,-1989321,False
4971,72,"Jun 23, 2006",Say Uncle,2000000,5361,5361,0,-1994639,False
4972,73,"Sep 13, 2013",Plush,2000000,3080,28864,25784,-1971136,False
4973,74,"Oct 26, 2012",The Ghastly Love of Johnny X,2000000,2436,2436,0,-1997564,False
4974,75,"Dec 29, 2009",Lesbian Vampire Killers,2000000,0,3620902,3620902,1620902,True
4975,76,"Sep 9, 2011",Grave Encounters,2000000,0,2151887,2151887,151887,True
4976,77,"Oct 23, 2015",Bone Tomahawk,2000000,0,475846,475846,-1524154,False
4977,78,"Dec 10, 2004",Freeze Frame,2000000,0,105377,105377,-1894623,False
4978,79,"Apr 1, 2013",Stitches,2000000,0,63555,63555,-1936445,False
4979,80,"Dec 31, 2015","To Be Frank, Sinatra at 100",2000000,0,926,926,-1999074,False
4980,81,"Apr 28, 1971",Bananas,2000000,0,0,0,-2000000,False
4981,82,"Dec 31, 2009",Nine Dead,2000000,0,0,0,-2000000,False
4982,83,"Oct 14, 2008",No Man's Land: The Rise of Reeker,2000000,0,0,0,-2000000,False
4983,84,"Jul 7, 2007",Rockaway,2000000,0,0,0,-2000000,False
4984,85,"Aug 12, 1927",Wings,2000000,0,0,0,-2000000,False
4985,86,"Mar 17, 2015",The Lady from Shanghai,2000000,0,0,0,-2000000,False
4986,87,"Mar 19, 2013",Straight A's,2000000,0,0,0,-2000000,False
4987,88,"Mar 30, 2012",The Legend of Hellâs Gate: An American Conspiracy,2000000,0,0,0,-2000000,False
4988,89,"Dec 31, 2012",Highway,2000000,0,0,0,-2000000,False
4989,90,"Feb 8, 2013",Small Apartments,2000000,0,0,0,-2000000,False
4990,91,"Jul 9, 2013",Coffee Town,2000000,0,0,0,-2000000,False
4991,92,"Dec 31, 2014",Lucky Dog,2000000,0,0,0,-2000000,False
4992,93,"Dec 31, 2001",Pendulum,2000000,0,0,0,-2000000,False
4993,94,"Oct 16, 1966",A Funny Thing Happened on the Way to the Forum,2000000,0,0,0,-2000000,False
4994,95,"Sep 23, 2008",Slacker Uprising,2000000,0,0,0,-2000000,False
4995,96,"Mar 20, 2015",The Walking Deceased,2000000,0,0,0,-2000000,False
4996,97,"Dec 31, 2011",True Bromance,2000000,0,0,0,-2000000,False
4997,98,"Aug 21, 2015",The Curse of Downers Grove,2000000,0,0,0,-2000000,False
4998,99,"Dec 31, 2015",Wind Walkers,2000000,0,0,0,-2000000,False
4999,100,"Jul 8, 2016",The Dog Lover,2000000,0,0,0,-2000000,False
5000,1,"Dec 1, 2015",Shark Lake,2000000,0,0,0,-2000000,False
5001,2,"Sep 24, 2010",Buried,1987650,1044143,21270290,20226147,19282640,True
5002,3,"Apr 21, 2015",The Marine 4,1950000,0,0,0,-1950000,False
5003,4,"May 8, 1987",River's Edge,1900000,4600000,4600000,0,2700000,True
5004,5,"Jul 25, 2008",Man on Wire,1900000,2962242,5617067,2654825,3717067,True
5005,6,"Oct 8, 2010",Nowhere Boy,1900000,1445366,7785229,6339863,5885229,True
5006,7,"Jul 11, 2003",Northfork,1900000,1420578,1445140,24562,-454860,False
5007,8,"Apr 24, 2015",Brotherly Love,1900000,478595,478595,0,-1421405,False
5008,9,"Jun 3, 2011",Submarine,1900000,467602,4581937,4114335,2681937,True
5009,10,"Apr 9, 2010",The Square,1900000,406216,740932,334716,-1159068,False
5010,11,"Feb 8, 2013",ABCD (Any Body Can Dance),1900000,222098,10137234,9915136,8237234,True
5011,12,"Jun 29, 2007",Chacun sa nuit,1900000,18435,139317,120882,-1760683,False
5012,13,"Jul 26, 2013",Stranded,1900000,0,285593,285593,-1614407,False
5013,14,"Dec 31, 2015",Vaalu,1900000,0,12444,12444,-1887556,False
5014,15,"Aug 27, 2010",The Last Exorcism,1800000,41034350,70165900,29131550,68365900,True
5015,16,"Nov 16, 1976",Carrie,1800000,25878153,25878153,0,24078153,True
5016,17,"Nov 9, 1984",A Nightmare on Elm Street,1800000,25504513,25504513,0,23704513,True
5017,18,"Jun 27, 2012",Beasts of the Southern Wild,1800000,12795746,23265132,10469386,21465132,True
5018,19,"Jan 29, 1964",Dr. Strangelove,1800000,9164370,9230678,66308,7430678,True
5019,20,"Jan 1, 1973",Battle for the Planet of the Apes,1800000,8800000,8800000,0,7000000,True
5020,21,"Sep 18, 1951",A Streetcar Named Desire,1800000,8000000,8000000,0,6200000,True
5021,22,"Aug 3, 1968",Hang 'em High,1800000,6800000,6800000,0,5000000,True
5022,23,"Nov 15, 2002",El crimen de padre Amaro,1800000,5719000,5719000,0,3919000,True
5023,24,"Jun 15, 2001",Songcatcher,1800000,3050934,3050934,0,1250934,True
5024,25,"Aug 23, 2011",Higher Ground,1800000,841056,842693,1637,-957307,False
5025,26,"Apr 22, 2011",POM Wonderful Presents: The Greatest Movie Ever Sold,1800000,638476,783733,145257,-1016267,False
5026,27,"Jan 7, 2005",Travellers and Magicians,1800000,506793,1322161,815368,-477839,False
5027,28,"Jan 1, 1993",Ed and his Dead Mother,1800000,673,673,0,-1799327,False
5028,29,"Dec 31, 2009",Deadline,1800000,0,0,0,-1800000,False
5029,30,"Mar 13, 2007",Sublime,1800000,0,0,0,-1800000,False
5030,31,"Feb 3, 2012",Dysfunctional Friends,1800000,0,0,0,-1800000,False
5031,32,"Dec 31, 2013",Independence Daysaster,1800000,0,0,0,-1800000,False
5032,33,"Mar 11, 2014",Against the Wild,1800000,0,0,0,-1800000,False
5033,34,"Oct 20, 2015",Beginnerâs Guide to Sex,1800000,0,0,0,-1800000,False
5034,35,"Jun 18, 1999",Lola rennt,1750000,7267324,22879194,15611870,21129194,True
5035,36,"Feb 7, 2003",May,1750000,145540,634803,489263,-1115197,False
5036,37,"Oct 8, 2010",I Spit on Your Grave,1750000,93051,1278471,1185420,-471529,False
5037,38,"Apr 23, 2019",Living Dark: The Story of Ted the Caver,1750000,0,0,0,-1750000,False
5038,39,"Nov 23, 2001",In the Bedroom,1700000,35930604,42137871,6207267,40437871,True
5039,40,"Mar 19, 2008",La misma luna,1700000,12590147,23271741,10681594,21571741,True
5040,41,"Jun 30, 1972",Conquest of the Planet of the Apes,1700000,9700000,9700000,0,8000000,True
5041,42,"Feb 28, 2014",The Lunchbox,1700000,4231500,12231500,8000000,10531500,True
5042,43,"Oct 4, 2013",Grace Unplugged,1700000,2507159,2507159,0,807159,True
5043,44,"Oct 1, 1999","Happy, Texas",1700000,2039192,2891228,852036,1191228,True
5044,45,"Dec 18, 2015",Saul fia,1700000,1777043,9696537,7919494,7996537,True
5045,46,"Jun 17, 2005",My Summer of Love,1700000,1000915,4727375,3726460,3027375,True
5046,47,"Jun 24, 2005",Yes,1700000,396035,661221,265186,-1038779,False
5047,48,"Feb 1, 2019",Braid,1660000,0,80745,80745,-1579255,False
5048,49,"Aug 5, 1953",From Here to Eternity,1650000,30500000,30500000,0,28850000,True
5049,50,"Sep 1, 1938",You Can't Take It With You,1644000,4000000,4000000,0,2356000,True
5050,51,"Apr 9, 1999",Foolish,1600000,6026908,6026908,0,4426908,True
5051,52,"Jul 26, 1949",She Wore a Yellow Ribbon,1600000,5400000,5400000,0,3800000,True
5052,53,"Apr 7, 1974",The Conversation,1600000,4420000,4420000,0,2820000,True
5053,54,"Oct 15, 2010",N-Secure,1600000,2595644,2595644,0,995644,True
5054,55,"Feb 1, 2008",Sukkar banat,1600000,1060591,14253760,13193169,12653760,True
5055,56,"Dec 31, 1989",Out of the Dark,1600000,419428,419428,0,-1180572,False
5056,57,"Jan 27, 2006",Bubble,1600000,145382,145382,0,-1454618,False
5057,58,"Sep 23, 2005",Dil Jo Bhi Kahey...,1600000,129319,129319,0,-1470681,False
5058,59,"Jan 15, 1999",Mississippi Mermaid,1600000,27795,2627795,2600000,1027795,True
5059,60,"Sep 26, 2014",Two Night Stand,1600000,15600,868081,852481,-731919,False
5060,61,"Nov 4, 2005",I Love Your Work,1600000,3264,3264,0,-1596736,False
5061,62,"Aug 5, 1955",The Kingâs Thief,1577000,0,0,0,-1577000,False
5062,63,"Apr 1, 2011",Insidious,1500000,54009150,99870886,45861736,98370886,True
5063,64,"Oct 21, 2016",Moonlight,1500000,27854931,65245512,37390581,63745512,True
5064,65,"Sep 12, 2003",Cabin Fever,1500000,21158188,30351664,9193476,28851664,True
5065,66,"May 2, 2007",Waitress,1500000,19097550,22217183,3119633,20717183,True
5066,67,"Sep 8, 1989",Kickboxer,1500000,14533681,14533681,0,13033681,True
5067,68,"Feb 26, 1988",Bloodsport,1500000,11806119,11806119,0,10306119,True
5068,69,"Oct 17, 1939",Mr. Smith Goes To Washington,1500000,9000000,9000000,0,7500000,True
5069,70,"Mar 23, 2018",Unsane,1500000,7690044,14244931,6554887,12744931,True
5070,71,"Jul 21, 1995",Kids,1500000,7412216,20412216,13000000,18912216,True
5071,72,"Oct 5, 2005",The Squid and the Whale,1500000,7372734,11191423,3818689,9691423,True
5072,73,"Mar 13, 2002",Kissing Jessica Stein,1500000,7025722,9345061,2319339,7845061,True
5073,74,"Oct 31, 1945",Spellbound,1500000,7000000,7000000,0,5500000,True
5074,75,"Apr 20, 1979",Dawn of the Dead,1500000,5100000,55000000,49900000,53500000,True
5075,76,"Sep 23, 1994",Exotica,1500000,5046118,5046118,0,3546118,True
5076,77,"Jul 26, 2013",The To Do List,1500000,3491669,4128828,637159,2628828,True
5077,78,"Feb 1, 2013",The Gatekeepers,1500000,2408553,2592308,183755,1092308,True
5078,79,"Jun 26, 1998",Buffalo '66,1500000,2380606,2380606,0,880606,True
5079,80,"Mar 2, 1984",Repo Man,1500000,2300000,2300000,0,800000,True
5080,81,"Oct 21, 2016",Iâm Not Ashamed,1500000,2082980,2082980,0,582980,True
5081,82,"Jan 18, 1985",Blood Simple,1500000,1690913,2730877,1039964,1230877,True
5082,83,"Apr 19, 2002",Nueve Reinas,1500000,1222889,12412889,11190000,10912889,True
5083,84,"Apr 19, 2013",The Lords of Salem,1500000,1165881,1541131,375250,41131,True
5084,85,"Oct 21, 2016",31,1500000,779820,922727,142907,-577273,False
5085,86,"Mar 25, 2005",The Ballad of Jack and Rose,1500000,712294,1126258,413964,-373742,False
5086,87,"Apr 22, 2016",Unsullied,1500000,510957,510957,0,-989043,False
5087,88,"Aug 31, 1994",Killing Zoe,1500000,418953,418953,0,-1081047,False
5088,89,"May 17, 2002",The Believer,1500000,406035,1840248,1434213,340248,True
5089,90,"Mar 7, 2008",Snow Angels,1500000,402858,414404,11546,-1085596,False
5090,91,"Aug 10, 2001",Session 9,1500000,378176,1619602,1241426,119602,True
5091,92,"Feb 11, 2011",MOOZ-lum,1500000,362239,372239,10000,-1127761,False
5092,93,"Sep 5, 2007",I Want Someone To Eat Cheese With,1500000,194568,194568,0,-1305432,False
5093,94,"Aug 19, 2011",Amigo,1500000,184705,184705,0,-1315295,False
5094,95,"Sep 7, 2007",Hatchet,1500000,175281,240396,65115,-1259604,False
5095,96,"Oct 31, 2008",My Name is Bruce,1500000,173066,173066,0,-1326934,False
5096,97,"Aug 6, 2010",The Disappearance of Alice Creed,1500000,166980,1605139,1438159,105139,True
5097,98,"Feb 5, 1936",Modern Times,1500000,163245,199747,36502,-1300253,False
5098,99,"May 11, 2007",The Salon,1500000,139084,139084,0,-1360916,False
5099,100,"Oct 25, 2013",The Square,1500000,124244,176262,52018,-1323738,False
5100,1,"Mar 22, 2002",Stolen Summer,1500000,119841,119841,0,-1380159,False
5101,2,"Mar 6, 2015",Road Hard,1500000,113169,113169,0,-1386831,False
5102,3,"Sep 28, 2005",Forty Shades of Blue,1500000,75828,172569,96741,-1327431,False
5103,4,"Oct 9, 2009",Trucker,1500000,52429,52429,0,-1447571,False
5104,5,"May 29, 2009",Pontypool,1500000,3865,31916,28051,-1468084,False
5105,6,"Sep 28, 2015","Me, You and Five Bucks",1500000,2105,2105,0,-1497895,False
5106,7,"Oct 17, 2014",Housebound,1500000,0,236863,236863,-1263137,False
5107,8,"Jul 20, 2018",Teefa in Trouble,1500000,0,98806,98806,-1401194,False
5108,9,"Nov 4, 2005",Wal-Mart: The High Cost of Low Price,1500000,0,58692,58692,-1441308,False
5109,10,"Apr 17, 2014",Closer to the Moon,1500000,0,5396,5396,-1494604,False
5110,11,"Mar 17, 2006",Fetching Cody,1500000,0,0,0,-1500000,False
5111,12,"Jun 3, 2011",The Lion of Judah,1500000,0,0,0,-1500000,False
5112,13,"Nov 11, 2014",Once Upon a Time in Queens,1500000,0,0,0,-1500000,False
5113,14,"Feb 13, 2015",Girlhouse,1500000,0,0,0,-1500000,False
5114,15,"May 26, 2015",Mutant World,1500000,0,0,0,-1500000,False
5115,16,"Nov 20, 2015",#Horror,1500000,0,0,0,-1500000,False
5116,17,"Sep 8, 2015",Checkmate,1500000,0,0,0,-1500000,False
5117,18,"Dec 21, 1937",Snow White and the Seven Dwarfs,1488000,184925486,184925486,0,183437486,True
5118,19,"Jan 1, 1968",Shalako,1455000,2620000,2620000,0,1165000,True
5119,20,"Nov 30, 2018",Werk ohne Autor,1400000,1303747,4331152,3027405,2931152,True
5120,21,"Nov 20, 2015",Mustang,1400000,845464,5552584,4707120,4152584,True
5121,22,"Apr 29, 2005",The Holy Girl,1400000,304124,1261792,957668,-138208,False
5122,23,"Oct 3, 2014",La chambre bleue,1400000,260441,1945420,1684979,545420,True
5123,24,"Sep 17, 2004",Incident at Loch Ness,1400000,36830,56073,19243,-1343927,False
5124,25,"Apr 5, 2013",Eddie: The Sleepwalking Cannibal,1400000,1632,1632,0,-1398368,False
5125,26,"May 1, 2010",My Girlfriend's Boyfriend,1400000,0,0,0,-1400000,False
5126,27,"Dec 31, 2014",Kurmanjan datka,1400000,0,0,0,-1400000,False
5127,28,"Dec 31, 2014",House at the End of the Drive,1400000,0,0,0,-1400000,False
5128,29,"Jul 6, 1966",Batman - The Movie,1377800,0,0,0,-1377800,False
5129,30,"Mar 5, 1999","Lock, Stock and Two Smoking Barrels",1350000,3897569,28356188,24458619,27006188,True
5130,31,"Aug 19, 1983",The Ballad of Gregorio Cortez,1305000,909000,909000,0,-396000,False
5131,32,"Jun 26, 1936",San Francisco,1300000,2868000,5273000,2405000,3973000,True
5132,33,"Oct 9, 1998",Festen,1300000,1647780,1647780,0,347780,True
5133,34,"Oct 11, 1996",Trees Lounge,1300000,749741,749741,0,-550259,False
5134,35,"May 22, 2009",The Girlfriend Experience,1300000,695840,1005840,310000,-294160,False
5135,36,"Mar 23, 2007",Journey from the Fall,1300000,635305,635305,0,-664695,False
5136,37,"May 5, 2000",The Basket,1300000,609042,609042,0,-690958,False
5137,38,"Jan 30, 2015",Above and Beyond,1300000,288751,288751,0,-1011249,False
5138,39,"Mar 15, 1985",Def-Con 4,1300000,210904,210904,0,-1089096,False
5139,40,"Dec 9, 2005",Neal n' Nikki,1300000,100358,329621,229263,-970379,False
5140,41,"Dec 19, 2003",The Hebrew Hammer,1300000,77755,90213,12458,-1209787,False
5141,42,"Jun 13, 2014",Los insolitos peces gato,1300000,11278,54665,43387,-1245335,False
5142,43,"Apr 7, 2006",Simon,1300000,4055,1738663,1734608,438663,True
5143,44,"May 24, 2011",Forget Me Not,1300000,0,13465,13465,-1286535,False
5144,45,"Jun 8, 2010",The 41-Year-Old Virgin Who Knocked Up Sarah Marshall and Felt Superbad About It,1300000,0,0,0,-1300000,False
5145,46,"Jun 26, 2015",The Algerian,1300000,0,0,0,-1300000,False
5146,47,"Mar 21, 1940",Rebecca,1288000,6000000,6002370,2370,4714370,True
5147,48,"Apr 30, 1981",Friday the 13th Part 2,1250000,21722776,21722776,0,20472776,True
5148,49,"Nov 29, 1945",The Lost Weekend,1250000,11000000,11000000,0,9750000,True
5149,50,"Aug 31, 1984",C.H.U.D.,1250000,4700000,4700000,0,3450000,True
5150,51,"Oct 17, 2014",Dear White People,1250000,4404154,5403771,999617,4153771,True
5151,52,"Apr 19, 2013",Filly Brown,1250000,2850357,2940411,90054,1690411,True
5152,53,"Jan 21, 1953",Niagara,1250000,2500000,2500000,0,1250000,True
5153,54,"Dec 31, 2016",Bodom,1250000,0,726460,726460,-523540,False
5154,55,"Oct 28, 1941",How Green Was My Valley,1250000,0,0,0,-1250000,False
5155,56,"Jan 13, 2015",Da Sweet Blood of Jesus,1250000,0,0,0,-1250000,False
5156,57,"Oct 29, 2004",Saw,1200000,55968727,103880027,47911300,102680027,True
5157,58,"Aug 4, 1989","Sex, Lies, and Videotape",1200000,24741667,36741667,12000000,35541667,True
5158,59,"Feb 15, 2002",Super Troopers,1200000,18492362,23046142,4553780,21846142,True
5159,60,"Feb 22, 2002",Monsoon Wedding,1200000,13876974,27025600,13148626,25825600,True
5160,61,"Nov 10, 2000",You Can Count on Me,1200000,9180275,10827356,1647081,9627356,True
5161,62,"Jul 3, 1951",Strangers on a Train,1200000,7000000,7000000,0,5800000,True
5162,63,"Oct 3, 1955",The Trouble with Harry,1200000,7000000,7000000,0,5800000,True
5163,64,"Dec 29, 1967","Il buono, il brutto, il cattivo",1200000,6100000,6100000,0,4900000,True
5164,65,"Sep 18, 1951",The Day the Earth Stood Still,1200000,3700000,3700000,0,2500000,True
5165,66,"Apr 19, 2013",Home Run,1200000,2859955,2859955,0,1659955,True
5166,67,"Oct 23, 1992",Reservoir Dogs,1200000,2832029,2832029,0,1632029,True
5167,68,"Jul 7, 2000",But I'm a Cheerleader,1200000,2205627,2509344,303717,1309344,True
5168,69,"Dec 23, 1956",The Wrong Man,1200000,2000000,2000000,0,800000,True
5169,70,"Sep 26, 1975",The Rocky Horror Picture Show,1200000,1414845,1615976,201131,415976,True
5170,71,"Jan 1, 1976",The Blue Bird,1200000,887000,887000,0,-313000,False
5171,72,"Apr 13, 2012",Blue Like Jazz,1200000,595018,595018,0,-604982,False
5172,73,"Aug 28, 2015",Que Horas Ela Volta?,1200000,376976,3249041,2872065,2049041,True
5173,74,"Nov 19, 1982",Q,1200000,255000,255000,0,-945000,False
5174,75,"Mar 21, 2003",Down & Out with the Dolls,1200000,58936,58936,0,-1141064,False
5175,76,"Jun 1, 2012","Pink Ribbons, Inc.",1200000,26608,26608,0,-1173392,False
5176,77,"Feb 6, 2018",Blood Feast,1200000,8708,8708,0,-1191292,False
5177,78,"Feb 11, 2011",Certifiably Jonathan,1200000,7826,7826,0,-1192174,False
5178,79,"Sep 18, 2015",La navaja de Don Juan,1200000,4254,4254,0,-1195746,False
5179,80,"Dec 31, 2008",Extreme Movie,1200000,0,81338,81338,-1118662,False
5180,81,"Oct 20, 1936",The Charge of the Light Brigade,1200000,0,0,0,-1200000,False
5181,82,"Jun 18, 2004",Grand Theft Parsons,1200000,0,0,0,-1200000,False
5182,83,"Aug 28, 2012",Below Zero,1200000,0,0,0,-1200000,False
5183,84,"Sep 7, 2012",Crowsnest,1200000,0,0,0,-1200000,False
5184,85,"Sep 14, 2012",Airborne,1200000,0,0,0,-1200000,False
5185,86,"Sep 9, 2014",Cotton Comes to Harlem,1200000,0,0,0,-1200000,False
5186,87,"Feb 3, 2015",Bleeding Hearts,1200000,0,0,0,-1200000,False
5187,88,"Dec 31, 2013",The Wicked Within,1200000,0,0,0,-1200000,False
5188,89,"Dec 31, 2017",The Islands,1200000,0,0,0,-1200000,False
5189,90,"Mar 21, 2014",Godâs Not Dead,1150000,60755732,63777092,3021360,62627092,True
5190,91,"Oct 7, 2005",Waiting...,1125000,16124543,18673274,2548731,17548274,True
5191,92,"May 12, 2006",Dead Man's Shoes,1125000,6408,414736,408328,-710264,False
5192,93,"Feb 1, 1980",The Fog,1100000,21445318,21445820,502,20345820,True
5193,94,"Dec 25, 2005",Wolf Creek,1100000,16186348,29005064,12818716,27905064,True
5194,95,"Feb 11, 2005",Ong-Bak,1100000,4563167,24062965,19499798,22962965,True
5195,96,"Mar 23, 2012",Serbuan maut,1100000,4105123,9297407,5192284,8197407,True
5196,97,"Sep 26, 1986",Down by Law,1100000,1436000,1436000,0,336000,True
5197,98,"Sep 4, 1987",The Offspring,1100000,1355728,1355728,0,255728,True
5198,99,"Feb 22, 2002",Sex with Strangers,1100000,247740,247740,0,-852260,False
5199,100,"May 18, 2012",Beyond the Black Rainbow,1100000,56491,56491,0,-1043509,False
5200,1,"May 14, 2003",Dracula: Pages from a Virgin's Diary,1100000,39659,81371,41712,-1018629,False
5201,2,"Nov 21, 2014",The Sleepwalker,1100000,2636,2636,0,-1097364,False
5202,3,"Mar 7, 2017",Departure,1100000,0,27561,27561,-1072439,False
5203,4,"Apr 7, 2009",Faith Like Potatoes,1100000,0,0,0,-1100000,False
5204,5,"Mar 23, 2010",Lake Mungo,1100000,0,0,0,-1100000,False
5205,6,"Apr 7, 2015",Silent Running,1100000,0,0,0,-1100000,False
5206,7,"Dec 31, 2010",The Dead Undead,1100000,0,0,0,-1100000,False
5207,8,"Dec 31, 2013",The Vatican Exorcisms,1100000,0,0,0,-1100000,False
5208,9,"Dec 11, 2009",Rocket Singh: Salesman of the Year,1070000,164649,5348767,5184118,4278767,True
5209,10,"Jan 23, 1943",Casablanca,1039000,10462500,10496855,34355,9457855,True
5210,11,"Nov 21, 1976",Rocky,1000000,117235147,225000000,107764853,224000000,True
5211,12,"Jan 6, 2012",The Devil Inside,1000000,53262945,101759490,48496545,100759490,True
5212,13,"Oct 7, 1963",Tom Jones,1000000,37600000,37600000,0,36600000,True
5213,14,"Apr 17, 2015",Unfriended,1000000,32789645,64364198,31574553,63364198,True
5214,15,"Feb 8, 1976",Taxi Driver,1000000,28262574,28316211,53637,27316211,True
5215,16,"May 24, 2006",An Inconvenient Truth,1000000,24146161,53365925,29219764,52365925,True
5216,17,"Aug 23, 2013",You're Next,1000000,18494006,26887177,8393171,25887177,True
5217,18,"May 25, 2012",Chernobyl Diaries,1000000,18119640,42411721,24292081,41411721,True
5218,19,"Apr 10, 1981",The Howling,1000000,17985000,17985000,0,16985000,True
5219,20,"May 8, 1963",Dr. No,1000000,16067035,59567035,43500000,58567035,True
5220,21,"Sep 18, 1987",Hellraiser,1000000,14564000,14575148,11148,13575148,True
5221,22,"Mar 11, 2016","Hello, My Name is Doris",1000000,14444999,14662703,217704,13662703,True
5222,23,"Sep 16, 2005",Cry Wolf,1000000,10047674,15943081,5895407,14943081,True
5223,24,"Aug 18, 2000",Godzilla 2000,1000000,10037390,10037390,0,9037390,True
5224,25,"Dec 29, 2010",Blue Valentine,1000000,9737892,16566240,6828348,15566240,True
5225,26,"Jan 20, 2006",Transamerica,1000000,9015303,16553163,7537860,15553163,True
5226,27,"Jan 1, 1970",Beyond the Valley of the Dolls,1000000,9000000,9000000,0,8000000,True
5227,28,"Nov 15, 1956",Love Me Tender,1000000,9000000,9000000,0,8000000,True
5228,29,"Jul 20, 2018",Unfriended: Dark Web,1000000,8866745,16434588,7567843,15434588,True
5229,30,"Dec 14, 1949",Sands of Iwo Jima,1000000,7800000,7800000,0,6800000,True
5230,31,"Sep 25, 2015",The Green Inferno,1000000,7192291,12931420,5739129,11931420,True
5231,32,"Feb 3, 2017",I Am Not Your Negro,1000000,7123919,9617402,2493483,8617402,True
5232,33,"Oct 19, 2012",The Sessions,1000000,6002451,11495204,5492753,10495204,True
5233,34,"Apr 4, 2008",Shine a Light,1000000,5505267,16173879,10668612,15173879,True
5234,35,"Mar 23, 2012",October Baby,1000000,5355847,5391992,36145,4391992,True
5235,36,"Sep 12, 2014",The Skeleton Twins,1000000,5284309,5797192,512883,4797192,True
5236,37,"Jun 14, 2013",20 Feet From Stardom,1000000,4946250,5892466,946216,4892466,True
5237,38,"Jun 12, 2009","Food, Inc.",1000000,4417674,4731944,314270,3731944,True
5238,39,"Jul 28, 2017",An Inconvenient Sequel,1000000,3496795,5839322,2342527,4839322,True
5239,40,"Aug 21, 1998",Next Stop Wonderland,1000000,3395581,3465703,70122,2465703,True
5240,41,"Jun 6, 2014",Obvious Child,1000000,3122616,3324070,201454,2324070,True
5241,42,"Oct 21, 2011",Martha Marcy May Marlene,1000000,2981038,5438911,2457873,4438911,True
5242,43,"Aug 3, 2005",Junebug,1000000,2678010,3553253,875243,2553253,True
5243,44,"Aug 1, 2008",Frozen River,1000000,2511476,6030129,3518653,5030129,True
5244,45,"Nov 21, 2001",Sidewalks of New York,1000000,2402459,3575308,1172849,2575308,True
5245,46,"Apr 24, 1998",Two Girls and a Guy,1000000,2057193,2315026,257833,1315026,True
5246,47,"Sep 29, 2000",The Broken Hearts Club: A Romantic Comedy,1000000,1744858,2022442,277584,1022442,True
5247,48,"Jun 28, 2006",Who Killed the Electric Car?,1000000,1678874,1849392,170518,849392,True
5248,49,"Sep 18, 2009",The Secrets of Jonathan Sperry,1000000,1355079,1355079,0,355079,True
5249,50,"Jul 17, 1996",Walking and Talking,1000000,1287480,1615787,328307,615787,True
5250,51,"Sep 19, 2003",Bubba Ho-Tep,1000000,1239183,1492895,253712,492895,True
5251,52,"Dec 7, 2001",No Man's Land,1000000,1067481,2684207,1616726,1684207,True
5252,53,"Oct 9, 1998",Slam,1000000,1009819,1087521,77702,87521,True
5253,54,"Oct 6, 2017",Visages villages,1000000,952432,4015686,3063254,3015686,True
5254,55,"Apr 6, 2001",Brigham City,1000000,852206,852206,0,-147794,False
5255,56,"Aug 18, 2017",Patti Cake$,1000000,800148,1471090,670942,471090,True
5256,57,"Dec 1, 2000",Panic,1000000,779137,1425707,646570,425707,True
5257,58,"May 9, 2014",Palo Alto,1000000,767732,1156309,388577,156309,True
5258,59,"Sep 8, 2000",Fiza,1000000,623791,1179462,555671,179462,True
5259,60,"Feb 3, 2010",Ajami,1000000,621859,2721096,2099237,1721096,True
5260,61,"Oct 23, 1998",Orgazmo,1000000,582024,627287,45263,-372713,False
5261,62,"Jul 29, 2011",The Future,1000000,568662,1239174,670512,239174,True
5262,63,"Feb 14, 2003",All the Real Girls,1000000,549666,703020,153354,-296980,False
5263,64,"Oct 24, 2014",23 Blast,1000000,549185,549185,0,-450815,False
5264,65,"Jun 20, 1997",Dream With The Fishes,1000000,542909,542909,0,-457091,False
5265,66,"Jul 19, 2013",The Act of Killing,1000000,486919,1227316,740397,227316,True
5266,67,"May 2, 2003",Blue Car,1000000,464126,475367,11241,-524633,False
5267,68,"Oct 19, 2007",Wristcutters: A Love Story,1000000,446165,473769,27604,-526231,False
5268,69,"May 5, 2000",Luminarias,1000000,428535,428535,0,-571465,False
5269,70,"Jul 18, 2014",I Origins,1000000,336472,852399,515927,-147601,False
5270,71,"Nov 28, 2014",Antarctica: A Year on Ice,1000000,288757,288757,0,-711243,False
5271,72,"Aug 22, 2003",The Battle of Shaker Heights,1000000,280351,839145,558794,-160855,False
5272,73,"Jan 18, 2008",Taxi to the Dark Side,1000000,274661,304472,29811,-695528,False
5273,74,"Apr 8, 2016",The Invitation,1000000,231738,354836,123098,-645164,False
5274,75,"Sep 24, 2004",Guiana 1838,1000000,227241,227241,0,-772759,False
5275,76,"Dec 30, 2002",Love Liza,1000000,213137,213137,0,-786863,False
5276,77,"Jul 7, 2006",Once in a Lifetime: the Extraordinary Story of the New York Cosmos,1000000,144601,215559,70958,-784441,False
5277,78,"Aug 22, 2001",Lisa Picard is Famous,1000000,113433,113433,0,-886567,False
5278,79,"Jul 31, 2015",Beyond the Brick: A LEGO Brickumentary,1000000,101531,101531,0,-898469,False
5279,80,"Oct 30, 2009",The House of the Devil,1000000,101215,102812,1597,-897188,False
5280,81,"Jun 1, 2012",Hardflip,1000000,96734,96734,0,-903266,False
5281,82,"Mar 11, 2016",Creative Control,1000000,63014,63014,0,-936986,False
5282,83,"Sep 16, 2005",Chocolate: Deep Dark Secrets,1000000,49000,1549000,1500000,549000,True
5283,84,"Jul 1, 2011",The Perfect Host,1000000,48764,51587,2823,-948413,False
5284,85,"Sep 25, 1998",The Last Big Thing,1000000,22434,22434,0,-977566,False
5285,86,"Aug 7, 1998",Safe Men,1000000,21210,21210,0,-978790,False
5286,87,"Aug 31, 2001",Speedway Junky,1000000,17127,17127,0,-982873,False
5287,88,"Feb 13, 2015",Hits,1000000,15156,15156,0,-984844,False
5288,89,"Sep 22, 2000",The Specials,1000000,12996,12996,0,-987004,False
5289,90,"Sep 3, 2010",16 to Life,1000000,11574,11574,0,-988426,False
5290,91,"Jan 17, 2007",Alone with Her,1000000,10787,844377,833590,-155623,False
5291,92,"Oct 17, 2014",Camp X-Ray,1000000,9837,101053,91216,-898947,False
5292,93,"Nov 21, 2008",Special,1000000,7202,26822,19620,-973178,False
5293,94,"Apr 10, 2015",The Sisterhood of Night,1000000,6870,6870,0,-993130,False
5294,95,"Mar 19, 1999",Sparkler,1000000,5494,5494,0,-994506,False
5295,96,"Mar 18, 2005",The Helixâ¦Loaded,1000000,3700,3700,0,-996300,False
5296,97,"May 15, 2015",Childless,1000000,1036,1036,0,-998964,False
5297,98,"Apr 21, 2006",In Her Line of Fire,1000000,884,884,0,-999116,False
5298,99,"Dec 13, 2002",The Jimmy Show,1000000,703,703,0,-999297,False
5299,100,"Dec 31, 2013",Heli,1000000,0,552614,552614,-447386,False
5300,1,"Dec 31, 2015",Karachi se Lahore,1000000,0,17721,17721,-982279,False
5301,2,"Dec 31, 2006",Loving Annabelle,1000000,0,5382,5382,-994618,False
5302,3,"Dec 11, 2015",American Hero,1000000,0,26,26,-999974,False
5303,4,"Dec 1, 2009",Frat Party,1000000,0,0,0,-1000000,False
5304,5,"Sep 15, 2006",Jimmy and Judy,1000000,0,0,0,-1000000,False
5305,6,"Oct 24, 2003",The Party's Over,1000000,0,0,0,-1000000,False
5306,7,"Jul 17, 2009",The Poker House,1000000,0,0,0,-1000000,False
5307,8,"Sep 23, 2005",Proud,1000000,0,0,0,-1000000,False
5308,9,"Dec 31, 2008",Steppin: The Movie,1000000,0,0,0,-1000000,False
5309,10,"Jan 29, 2010",Zombies of Mass Destruction,1000000,0,0,0,-1000000,False
5310,11,"Mar 20, 2012",Snow White: A Deadly Summer,1000000,0,0,0,-1000000,False
5311,12,"Oct 9, 2012",Truth or Die,1000000,0,0,0,-1000000,False
5312,13,"May 14, 2013",Black Rock,1000000,0,0,0,-1000000,False
5313,14,"Jan 7, 2014",Hidden Away,1000000,0,0,0,-1000000,False
5314,15,"Oct 4, 2013",My Last Day Without You,1000000,0,0,0,-1000000,False
5315,16,"Oct 8, 2013",Zombie Hunter,1000000,0,0,0,-1000000,False
5316,17,"Dec 31, 2014",Doc Holliday's Revenge,1000000,0,0,0,-1000000,False
5317,18,"Jun 24, 2014",A Fine Step,1000000,0,0,0,-1000000,False
5318,19,"Feb 10, 2015",Fear Clinic,1000000,0,0,0,-1000000,False
5319,20,"Mar 10, 2015",The Pet,1000000,0,0,0,-1000000,False
5320,21,"Dec 31, 2014",Bang Bang Baby,1000000,0,0,0,-1000000,False
5321,22,"Apr 8, 2016",Hush,1000000,0,0,0,-1000000,False
5322,23,"Mar 1, 2016",1982,1000000,0,0,0,-1000000,False
5323,24,"Oct 27, 2015",The Horror Network,1000000,0,0,0,-1000000,False
5324,25,"Dec 31, 2016",Chemical Cut,1000000,0,0,0,-1000000,False
5325,26,"Dec 22, 2015",Por amor en el caserio,1000000,0,0,0,-1000000,False
5326,27,"Jun 1, 2007",And Then Came Love,989000,8158,8158,0,-980842,False
5327,28,"Apr 14, 2006",Hard Candy,950000,1024640,8267066,7242426,7317066,True
5328,29,"Sep 27, 2002",Charly,950000,814666,814666,0,-135334,False
5329,30,"Jan 10, 2014",Banshee Chapter,950000,0,78122,78122,-871878,False
5330,31,"Dec 31, 2012",Trance,950000,0,0,0,-950000,False
5331,32,"Aug 12, 2014",Jesse,950000,0,0,0,-950000,False
5332,33,"Mar 3, 2015",Ask Me Anything,950000,0,0,0,-950000,False
5333,34,"Apr 13, 2012",L!fe Happens,930000,30905,30905,0,-899095,False
5334,35,"May 12, 2017",Lowriders,916000,6179955,6188421,8466,5272421,True
5335,36,"Nov 21, 2014",Food Chains,913000,0,176,176,-912824,False
5336,37,"Jul 28, 1954",On the Waterfront,910000,9600000,9600000,0,8690000,True
5337,38,"Jul 12, 2013",Fruitvale Station,900000,16098998,17549645,1450647,16649645,True
5338,39,"Apr 1, 2016",Meet the Blacks,900000,9097072,9097072,0,8197072,True
5339,40,"Jan 25, 2008","4 luni, 3 saptamani si 2 zile",900000,1196321,11993156,10796835,11093156,True
5340,41,"Aug 26, 2011",Circumstance,900000,454121,958978,504857,58978,True
5341,42,"Aug 25, 2006",The Quiet,900000,381420,381420,0,-518580,False
5342,43,"Apr 27, 2012",The Giant Mechanical Man,900000,7396,7396,0,-892604,False
5343,44,"Apr 5, 2013",The Brass Teapot,900000,6997,413733,406736,-486267,False
5344,45,"Dec 31, 2014",40 Weeks,900000,0,0,0,-900000,False
5345,46,"May 5, 2015",Le bonheur d'Elza,900000,0,0,0,-900000,False
5346,47,"Aug 13, 1942",Bambi,858000,102797000,268000000,165203000,267142000,True
5347,48,"Aug 31, 2012","For a Good Time, Call",850000,1251749,1386088,134339,536088,True
5348,49,"Jan 30, 2004",Latter Days,850000,833118,865708,32590,15708,True
5349,50,"Mar 21, 2008",The Hammer,850000,442638,442638,0,-407362,False
5350,51,"Aug 28, 2015",Windsor Drive,850000,3256,3256,0,-846744,False
5351,52,"Dec 31, 2012",Snitch,850000,0,0,0,-850000,False
5352,53,"Dec 31, 2008",Harrison Montgomery,850000,0,0,0,-850000,False
5353,54,"Aug 3, 2012",Celeste and Jesse Forever,840000,3103407,3787689,684282,2947689,True
5354,55,"Oct 25, 2002",Time Changer,825000,1500711,1500711,0,675711,True
5355,56,"Aug 11, 2009",London to Brighton,825000,0,610776,610776,-214224,False
5356,57,"Dec 31, 2009",Crying With Laughter,820000,0,16909,16909,-803091,False
5357,58,"Jan 1, 1971",Billy Jack,800000,98000000,98000000,0,97200000,True
5358,59,"Dec 30, 2011",Jodaeiye Nader az Simin,800000,7098492,24426169,17327677,23626169,True
5359,60,"May 10, 1996",Welcome to the Dollhouse,800000,4198137,5034794,836657,4234794,True
5360,61,"Mar 28, 2003",Raising Victor Vargas,800000,2073984,2900578,826594,2100578,True
5361,62,"Oct 1, 1993",Ruby in Paradise,800000,1001437,1001437,0,201437,True
5362,63,"Aug 9, 2002",Pandora's Box,800000,881950,881950,0,81950,True
5363,64,"Jul 18, 2007",Cama adentro,800000,200433,200433,0,-599567,False
5364,65,"Mar 10, 2000",Deterrence,800000,144583,371647,227064,-428353,False
5365,66,"May 7, 2004",The Mudge Boy,800000,62544,62544,0,-737456,False
5366,67,"Apr 11, 2003",The Young Unknowns,800000,58163,58163,0,-741837,False
5367,68,"Jun 19, 2009",DÃ¸d snÃ¸,800000,46742,2194020,2147278,1394020,True
5368,69,"Sep 19, 2014",Not Cool,800000,35688,35688,0,-764312,False
5369,70,"Feb 3, 2012",Kill List,800000,29063,462206,433143,-337794,False
5370,71,"Jan 9, 2015",Vessel,800000,0,0,0,-800000,False
5371,72,"Aug 6, 2004",Saints and Soldiers,780000,1310470,1310470,0,530470,True
5372,73,"Aug 11, 1973",American Graffiti,777000,115000000,140000000,25000000,139223000,True
5373,74,"Sep 8, 2006",Iraq for Sale: The War Profiteers,775000,0,0,0,-775000,False
5374,75,"Sep 9, 2011",Kevin Hart: Laugh at My Pain,750000,7706436,7712436,6000,6962436,True
5375,76,"Apr 13, 2007",Aqua Teen Hunger Force Colon Movie Film for Theaters,750000,5520368,5520368,0,4770368,True
5376,77,"Jun 8, 2012",Safety Not Guaranteed,750000,4010957,4422318,411361,3672318,True
5377,78,"Feb 3, 2012",The Innkeepers,750000,78396,1011535,933139,261535,True
5378,79,"Aug 29, 2014",Il conformista,750000,59656,89609,29953,-660391,False
5379,80,"Nov 15, 2002",Interview with the Assassin,750000,47329,47329,0,-702671,False
5380,81,"Jul 1, 2005",Undead,750000,41196,229250,188054,-520750,False
5381,82,"Jan 23, 2009",Donkey Punch,750000,19367,814801,795434,64801,True
5382,83,"Oct 11, 2013",All the Boys Love Mandy Lane,750000,0,1960521,1960521,1210521,True
5383,84,"Dec 31, 2014",Destiny,750000,0,450,450,-749550,False
5384,85,"Apr 7, 2009",Bled,750000,0,0,0,-750000,False
5385,86,"Jan 5, 2016",Adulterers,750000,0,0,0,-750000,False
5386,87,"Jun 25, 1968",La mariÃ©e Ã©tait en noir,747000,44566,44566,0,-702434,False
5387,88,"Jul 24, 1952",High Noon,730000,8000000,8000000,0,7270000,True
5388,89,"Oct 14, 1994",Hoop Dreams,700000,7768371,11768371,4000000,11068371,True
5389,90,"Jun 24, 2005",Rize,700000,3278611,4857731,1579120,4157731,True
5390,91,"Aug 11, 2006",Half Nelson,700000,2697938,4911725,2213787,4211725,True
5391,92,"Sep 7, 2001",L.I.E.,700000,1140965,1140965,0,440965,True
5392,93,"Aug 4, 2017",Columbus,700000,1017107,1110511,93404,410511,True
5393,94,"Oct 8, 1999",Naturally Native,700000,10508,10508,0,-689492,False
5394,95,"Jan 26, 2010",B-Girl,700000,0,1160,1160,-698840,False
5395,96,"Mar 13, 2015",Walter,700000,0,0,0,-700000,False
5396,97,"Apr 7, 1933",King Kong,672000,10000000,10000650,650,9328650,True
5397,98,"Apr 10, 1953",House of Wax,658000,23800000,23800000,0,23142000,True
5398,99,"Jun 19, 1998",Hav Plenty,650000,2301777,2301777,0,1651777,True
5399,100,"Oct 11, 2013",Escape from Tomorrow,650000,171962,171962,0,-478038,False
5400,1,"Dec 14, 2018",That Way Madness Lies,650000,1447,1447,0,-648553,False
5401,2,"Dec 31, 2012",After,650000,0,0,0,-650000,False
5402,3,"Dec 31, 2014",The Hadza: Last of the First,650000,0,0,0,-650000,False
5403,4,"Dec 31, 2009",Starsuckers,640000,0,14812,14812,-625188,False
5404,5,"Dec 31, 2013",Treachery,625000,0,0,0,-625000,False
5405,6,"Sep 6, 1935",Top Hat,609000,1782000,3202000,1420000,2593000,True
5406,7,"Jul 14, 1999",The Blair Witch Project,600000,140539099,248300000,107760901,247700000,True
5407,8,"Mar 26, 1970",Woodstock,600000,34505110,34505110,0,33905110,True
5408,9,"Aug 10, 1977",The Kentucky Fried Movie,600000,15000000,20000000,5000000,19400000,True
5409,10,"May 10, 1967",Per qualche dollaro in piÃ¹,600000,4300000,4300000,0,3700000,True
5410,11,"Oct 31, 2000",Mercy Streets,600000,173599,173599,0,-426401,False
5411,12,"May 2, 2014",Water & Power,600000,42557,42557,0,-557443,False
5412,13,"Oct 19, 2007",Arnolds Park,600000,23616,23616,0,-576384,False
5413,14,"Jul 2, 1999",Broken Vessels,600000,15030,85343,70313,-514657,False
5414,15,"May 22, 2015",Drunk Wedding,600000,3301,3301,0,-596699,False
5415,16,"Mar 4, 2016",They Will Have to Kill Us First,600000,0,7943,7943,-592057,False
5416,17,"Aug 23, 2002",Crop Circles: Quest for Truth,600000,0,0,0,-600000,False
5417,18,"Aug 8, 2014",The Maid's Room,600000,0,0,0,-600000,False
5418,19,"Dec 31, 2014",Light from the Darkroom,600000,0,0,0,-600000,False
5419,20,"Feb 24, 2015",Irreplaceable,600000,0,0,0,-600000,False
5420,21,"Aug 11, 1964",A Hard Day's Night,560000,1537860,1626784,88924,1066784,True
5421,22,"Jul 29, 2011",The Harvest/La Cosecha,560000,3709,3709,0,-556291,False
5422,23,"Dec 31, 2015",Julija in alfa Romeo,560000,0,8462,8462,-551538,False
5423,24,"Dec 26, 1931",Mata Hari,558000,900000,900000,0,342000,True
5424,25,"May 9, 1980",Friday the 13th,550000,39754601,59754601,20000000,59204601,True
5425,26,"Apr 27, 1984",Love Letters,550000,5269990,5269990,0,4719990,True
5426,27,"Sep 12, 2014",Faith Connections,550000,9111,9111,0,-540889,False
5427,28,"Mar 6, 2012",High Road,546173,0,0,0,-546173,False
5428,29,"Sep 26, 2008",Fireproof,500000,33456317,33473297,16980,32973297,True
5429,30,"Nov 15, 1974",Benji,500000,31559560,31559560,0,31059560,True
5430,31,"Aug 6, 2004",Open Water,500000,30500882,55518641,25017759,55018641,True
5431,32,"Jan 1, 1977",Kingdom of the Spiders,500000,17000000,17000000,0,16500000,True
5432,33,"May 13, 2005",Mad Hot Ballroom,500000,8117961,9387581,1269620,8887581,True
5433,34,"Oct 3, 2003",The Station Agent,500000,5801558,9470209,3668651,8970209,True
5434,35,"Jan 22, 2010",To Save a Life,500000,3777210,3824868,47658,3324868,True
5435,36,"Jun 16, 2006",Wordplay,500000,3121270,3177636,56366,2677636,True
5436,37,"Oct 22, 1999",Beyond the Mat,500000,2047570,2047570,0,1547570,True
5437,38,"Feb 1, 2002",The Singles Ward,500000,1250798,1250798,0,750798,True
5438,39,"Jul 8, 2011",Sholem Aleichem: Laughing in the Darkness,500000,1131261,1131261,0,631261,True
5439,40,"Jan 30, 2004",Osama,500000,1127331,1971479,844148,1471479,True
5440,41,"Jun 9, 2000",Groove,500000,1115313,1167524,52211,667524,True
5441,42,"Jan 31, 2003",The R.M.,500000,1111615,1111615,0,611615,True
5442,43,"Jul 30, 1999",Twin Falls Idaho,500000,985341,1027228,41887,527228,True
5443,44,"Aug 20, 2004",Mean Creek,500000,603951,1348750,744799,848750,True
5444,45,"Aug 23, 2013",Drinking Buddies,500000,343706,407100,63394,-92900,False
5445,46,"Feb 13, 1998",Hurricane Streets,500000,334041,367582,33541,-132418,False
5446,47,"Jul 12, 2002",Never Again,500000,307631,308793,1162,-191207,False
5447,48,"Nov 19, 1956",Shichinin no samurai,500000,271736,271736,0,-228264,False
5448,49,"Aug 29, 2003",Civil Brand,500000,254293,254293,0,-245707,False
5449,50,"Oct 29, 2010",Monsters,500000,237301,5639730,5402429,5139730,True
5450,51,"Mar 24, 2006",Lonesome Jim,500000,154187,602789,448602,102789,True
5451,52,"Apr 17, 2013",Deceptive Practice: The Mysteries and Mentors of Ricky Jay,500000,152449,152449,0,-347551,False
5452,53,"Sep 28, 2012",The Other Dream Team,500000,134109,314444,180335,-185556,False
5453,54,"Dec 11, 2015",O Menino e o Mundo,500000,129479,280967,151488,-219033,False
5454,55,"Apr 1, 2011",Rubber,500000,100370,680914,580544,180914,True
5455,56,"Jan 1, 1991",Johnny Suede,500000,55000,55000,0,-445000,False
5456,57,"Oct 5, 2007",Finishing the Game,500000,52850,53201,351,-446799,False
5457,58,"Apr 18, 2008",Kiss the Bride,500000,32033,32033,0,-467967,False
5458,59,"Jul 11, 2003",The Journey,500000,19800,19800,0,-480200,False
5459,60,"Apr 23, 2009",Home,500000,15433,44793168,44777735,44293168,True
5460,61,"Jan 10, 2003",The Slaughter Rule,500000,13134,13134,0,-486866,False
5461,62,"May 14, 2010",The Living Wake,500000,12232,12232,0,-487768,False
5462,63,"Feb 27, 2009",Scott Walker: 30 Century Man,500000,6840,77121,70281,-422879,False
5463,64,"Oct 21, 2005",The Californians,500000,4134,4134,0,-495866,False
5464,65,"Sep 10, 2014",Born to Fly: Elizabeth Streb vs. Gravity,500000,1822,1822,0,-498178,False
5465,66,"Jun 28, 2013",Detention of the Dead,500000,1778,1778,0,-498222,False
5466,67,"May 11, 2018",Higher Power,500000,528,528,0,-499472,False
5467,68,"Dec 31, 2006",Feng kuang de shi tou,500000,0,3000000,3000000,2500000,True
5468,69,"Jan 8, 2013",Now is Good,500000,0,2141436,2141436,1641436,True
5469,70,"Dec 31, 2006",Griffin & Phoenix,500000,0,1355967,1355967,855967,True
5470,71,"Nov 2, 2001",Everything Put Together,500000,0,7890,7890,-492110,False
5471,72,"Dec 31, 2010",Drones,500000,0,0,0,-500000,False
5472,73,"Apr 3, 2012",Enter Nowhere,500000,0,0,0,-500000,False
5473,74,"Jul 17, 2012",Girls Gone Dead,500000,0,0,0,-500000,False
5474,75,"Dec 31, 2005",Insomnia Manica,500000,0,0,0,-500000,False
5475,76,"Dec 31, 2014",America Is Still The Place,500000,0,0,0,-500000,False
5476,77,"Jul 24, 2015",The Outrageous Sophie Tucker,500000,0,0,0,-500000,False
5477,78,"Mar 10, 2015",Subconscious,500000,0,0,0,-500000,False
5478,79,"Apr 14, 2015",Roadside,500000,0,0,0,-500000,False
5479,80,"Dec 31, 2014",Diamond Ruff,500000,0,0,0,-500000,False
5480,81,"Feb 10, 2015",Love in the Time of Monsters,500000,0,0,0,-500000,False
5481,82,"Dec 31, 2012",El rey de Najayo,500000,0,0,0,-500000,False
5482,83,"Dec 31, 2015",Fight to the Finish,500000,0,0,0,-500000,False
5483,84,"Dec 31, 2013",Bucky and the Squirrels,500000,0,0,0,-500000,False
5484,85,"Dec 31, 1990",Going Under,500000,0,0,0,-500000,False
5485,86,"Jun 23, 2015",Crossroads,500000,0,0,0,-500000,False
5486,87,"Aug 11, 2015",Alleluia! The Devil's Carnival,500000,0,0,0,-500000,False
5487,88,"Dec 1, 2015",Brooklyn Bizarre,500000,0,0,0,-500000,False
5488,89,"Dec 31, 2014",The Sound and the Shadow,500000,0,0,0,-500000,False
5489,90,"Dec 31, 2015",Rodeo Girl,500000,0,0,0,-500000,False
5490,91,"Nov 10, 2015",The Little Ponderosa Zoo,500000,0,0,0,-500000,False
5491,92,"Dec 31, 1984",The Toxic Avenger,475000,0,0,0,-475000,False
5492,93,"Sep 25, 2009",Paranormal Activity,450000,107918810,194183034,86264224,193733034,True
5493,94,"Jan 1, 1991",Straight out of Brooklyn,450000,2712293,2712293,0,2262293,True
5494,95,"Mar 31, 2006",Brick,450000,2075743,4243996,2168253,3793996,True
5495,96,"Aug 22, 1997",Sunday,450000,410919,450349,39430,349,True
5496,97,"Aug 11, 2006",Conversations with Other Women,450000,379418,1297745,918327,847745,True
5497,98,"Nov 20, 2015",Siakh lokhamim: ha'slilim ha'gnouzim,450000,41260,42503,1243,-407497,False
5498,99,"May 9, 2008",Poultrygeist: Night of the Chicken Dead,450000,13804,22623,8819,-427377,False
5499,100,"Jul 11, 2014",As It Is in Heaven,450000,13486,13486,0,-436514,False
5500,1,"Jul 1, 2014",Mutual Friends,450000,0,0,0,-450000,False
5501,2,"Dec 31, 2014",Rise Of the Entrepreneur - The Search For A Better Way,450000,0,0,0,-450000,False
5502,3,"Mar 9, 1933",42nd Street,439000,1438000,2281000,843000,1842000,True
5503,4,"Aug 3, 1990",Metropolitan,430000,2938000,2938000,0,2508000,True
5504,5,"Apr 28, 2006",Moartea domnului Lazarescu,425000,80301,581304,501003,156304,True
5505,6,"Jan 21, 2005",Gory Gory Hallelujah,425000,12604,12604,0,-412396,False
5506,7,"Apr 25, 2014",Blue Ruin,420000,258384,437002,178618,17002,True
5507,8,"Jun 11, 2004",Napoleon Dynamite,400000,44540956,46122713,1581757,45722713,True
5508,9,"May 10, 1975",Monty Python and the Holy Grail,400000,3427696,5028948,1601252,4628948,True
5509,10,"Aug 2, 2006",Quinceanera,400000,1692693,2797199,1104506,2397199,True
5510,11,"Apr 26, 2002",Dogtown and Z-Boys,400000,1293295,1600566,307271,1200566,True
5511,12,"Oct 24, 2008",Heroes,400000,655538,655538,0,255538,True
5512,13,"Oct 6, 2004",Tarnation,400000,592014,1162014,570000,762014,True
5513,14,"Oct 15, 2010",I Want Your Money,400000,433588,433588,0,33588,True
5514,15,"Jan 1, 1983",E tu vivrai nel terrore - L'aldilÃ,400000,126387,126387,0,-273613,False
5515,16,"May 16, 1980",Home Movies,400000,89134,89134,0,-310866,False
5516,17,"Jul 27, 2001",Jackpot,400000,44452,44452,0,-355548,False
5517,18,"Dec 10, 2004",Fabled,400000,31425,31425,0,-368575,False
5518,19,"Oct 13, 2005",The Dark Hours,400000,423,423,0,-399577,False
5519,20,"Mar 31, 2015",Viskningar och rop,400000,0,9071,9071,-390929,False
5520,21,"Apr 1, 1986",My Beautiful Laundrette,400000,0,0,0,-400000,False
5521,22,"Nov 4, 2005",Show Me,400000,0,0,0,-400000,False
5522,23,"Dec 31, 2014",Pancakes,400000,0,0,0,-400000,False
5523,24,"Sep 5, 1916",Intolerance,385907,0,0,0,-385907,False
5524,25,"Feb 1, 1929",The Broadway Melody,379000,2800000,4358000,1558000,3979000,True
5525,26,"Apr 15, 1983",The Evil Dead,375000,2400000,29400000,27000000,29025000,True
5526,27,"May 21, 1999",Trekkies,375000,617172,617172,0,242172,True
5527,28,"Jan 1, 1980",Maniac,350000,10000000,10000000,0,9650000,True
5528,29,"Jan 1, 1987",American Ninja 2: The Confrontation,350000,4000000,4000000,0,3650000,True
5529,30,"Jul 8, 2005",Murderball,350000,1531154,1772979,241825,1422979,True
5530,31,"Sep 1, 2010",My Dog Tulip,350000,246574,310891,64317,-39109,False
5531,32,"Oct 18, 2006",51 Birch Street,350000,84689,84689,0,-265311,False
5532,33,"Nov 15, 2002",Revolution#9,350000,9118,9118,0,-340882,False
5533,34,"Apr 10, 2009",Royal Kill,350000,0,0,0,-350000,False
5534,35,"Oct 20, 2015",Rotor DR1,350000,0,0,0,-350000,False
5535,36,"Apr 13, 1957",12 Angry Men,340000,0,0,0,-340000,False
5536,37,"Oct 17, 1978",Halloween,325000,47000000,70000000,23000000,69675000,True
5537,38,"Feb 22, 1934",It Happened One Night,325000,2500000,2500000,0,2175000,True
5538,39,"Jun 25, 2010",Kynodontas,323000,110248,1373407,1263159,1050407,True
5539,40,"Nov 24, 1999",Tumbleweeds,312000,1350248,1788168,437920,1476168,True
5540,41,"Nov 14, 2003",Tupac Resurrection,300000,7718961,7808524,89563,7508524,True
5541,42,"Mar 10, 2000",God's Army,300000,2637726,2652515,14789,2352515,True
5542,43,"Oct 17, 2003",Pieces of April,300000,2528664,3571253,1042589,3271253,True
5543,44,"Sep 20, 1996",When The Cat's Away,300000,1652472,2525984,873512,2225984,True
5544,45,"Dec 10, 2008",Wendy and Lucy,300000,865695,1416046,550351,1116046,True
5545,46,"Sep 11, 1998",Let's Talk About Sex,300000,373615,373615,0,73615,True
5546,47,"Aug 25, 2006",Old Joy,300000,255923,399908,143985,99908,True
5547,48,"Jul 15, 2005",First Morning,300000,87264,87264,0,-212736,False
5548,49,"Jun 15, 2007",Pierrot le fou,300000,70807,71380,573,-228620,False
5549,50,"Mar 5, 1997",The Watermelon Woman,300000,42735,42735,0,-257265,False
5550,51,"Mar 11, 2011",3 Backyards,300000,39475,39475,0,-260525,False
5551,52,"Apr 12, 2006",Sisters in Law,300000,33312,33312,0,-266688,False
5552,53,"Nov 9, 2012",Nothing But a Man,300000,17241,17241,0,-282759,False
5553,54,"Jul 19, 2002",Ayurveda: Art of Being,300000,16892,2066892,2050000,1766892,True
5554,55,"Aug 7, 1998","First Love, Last Rites",300000,10876,10876,0,-289124,False
5555,56,"May 6, 2005",Fighting Tommy Riley,300000,10514,10514,0,-289486,False
5556,57,"Mar 28, 2014",Locker 13,300000,3496,3496,0,-296504,False
5557,58,"Oct 23, 2015",The Looking Glass,300000,1711,1711,0,-298289,False
5558,59,"Oct 31, 2014",All You Need Is Love,300000,0,3565259,3565259,3265259,True
5559,60,"Apr 1, 1975",Death Race 2000,300000,0,0,0,-300000,False
5560,61,"Jul 3, 2012",Some Guy Who Kills People,300000,0,0,0,-300000,False
5561,62,"Aug 7, 2013",Midnight Cabaret,300000,0,0,0,-300000,False
5562,63,"Mar 10, 2015",Teeth and Blood,300000,0,0,0,-300000,False
5563,64,"Dec 31, 2015",Walking to Paris,300000,0,0,0,-300000,False
5564,65,"Dec 31, 2010",Anderson's Cross,300000,0,0,0,-300000,False
5565,66,"Dec 8, 2015",Amidst the Devil's Wings,300000,0,0,0,-300000,False
5566,67,"Dec 31, 2010",Death Calls,290000,0,0,0,-290000,False
5567,68,"Aug 17, 2012",Compliance,270000,319285,830700,511415,560700,True
5568,69,"May 1, 1981",Graduation Day,250000,23894000,23894000,0,23644000,True
5569,70,"Apr 4, 1997",Chasing Amy,250000,12006514,15155095,3148581,14905095,True
5570,71,"Jun 28, 2002",Lovely and Amazing,250000,4210379,4613482,403103,4363482,True
5571,72,"Apr 28, 2017",Sleight,250000,3930990,3934450,3460,3684450,True
5572,73,"Apr 11, 2003",Better Luck Tomorrow,250000,3802390,3809226,6836,3559226,True
5573,74,"Oct 28, 2011",Like Crazy,250000,3395391,3728400,333009,3478400,True
5574,75,"Jun 16, 1995",The Incredibly True Adventure of Two Girls in Love,250000,2210408,2477155,266747,2227155,True
5575,76,"Jul 14, 2000",Chuck&Buck,250000,1055671,1157672,102001,907672,True
5576,77,"Mar 16, 2001",American Desi,250000,902835,1366235,463400,1116235,True
5577,78,"Sep 11, 1998",Cube,250000,489220,8969065,8479845,8719065,True
5578,79,"Mar 28, 1997",Love and Other Catastrophes,250000,212285,743216,530931,493216,True
5579,80,"Aug 28, 1998",I Married a Strange Person,250000,203134,203134,0,-46866,False
5580,81,"Jul 22, 2005",November,250000,191862,191862,0,-58138,False
5581,82,"Sep 17, 1999",Sugar Town,250000,178095,178095,0,-71905,False
5582,83,"Mar 28, 2008",Happy Valley,250000,67665,67665,0,-182335,False
5583,84,"Aug 2, 2013",The Canyons,250000,59671,62375,2704,-187625,False
5584,85,"Jun 28, 2006",The Motel,250000,51540,51540,0,-198460,False
5585,86,"Jul 15, 2005",On the Outs,250000,49772,237816,188044,-12184,False
5586,87,"Dec 14, 2007",Shotgun Stories,250000,46026,284174,238148,34174,True
5587,88,"Aug 15, 2014",Nightlights,250000,21147,21147,0,-228853,False
5588,89,"Jun 6, 2014",Test,250000,18823,18823,0,-231177,False
5589,90,"Jan 8, 1999",The Sticky Fingers of Time,250000,18195,20628,2433,-229372,False
5590,91,"Mar 24, 2015",Along the Roadside,250000,0,3234,3234,-246766,False
5591,92,"Oct 21, 2008",Sunday School Musical,250000,0,0,0,-250000,False
5592,93,"Oct 5, 2010",Rust,250000,0,0,0,-250000,False
5593,94,"Dec 31, 2010",The Christmas Bunny,250000,0,0,0,-250000,False
5594,95,"Nov 10, 2009",Ink,250000,0,0,0,-250000,False
5595,96,"Dec 18, 2012",The Frozen,250000,0,0,0,-250000,False
5596,97,"Apr 11, 2014",Jesus People,250000,0,0,0,-250000,False
5597,98,"Dec 31, 2010",Butterfly,250000,0,0,0,-250000,False
5598,99,"Feb 3, 2015",UnDivided,250000,0,0,0,-250000,False
5599,100,"Dec 31, 2014",Horse Camp,250000,0,0,0,-250000,False
5600,1,"Feb 24, 2015",Give Me Shelter,250000,0,0,0,-250000,False
5601,2,"Dec 31, 2011",Rock the House,250000,0,0,0,-250000,False
5602,3,"Dec 31, 2015",Shooting the Warwicks,250000,0,0,0,-250000,False
5603,4,"Aug 18, 2015",The Love Letter,250000,0,0,0,-250000,False
5604,5,"Oct 9, 2015",Western Religion,250000,0,0,0,-250000,False
5605,6,"Jan 1, 2015",4/11,250000,0,0,0,-250000,False
5606,7,"Nov 19, 1925",The Big Parade,245000,11000000,22000000,11000000,21755000,True
5607,8,"Oct 31, 2008",Little Big Top,240000,7484,7484,0,-232516,False
5608,9,"Oct 9, 2009",Bronson,230000,104979,2703762,2598783,2473762,True
5609,10,"Jul 20, 2012",Burn,225000,1109276,1109276,0,884276,True
5610,11,"Sep 15, 2000",Urbania,225000,1032075,1032075,0,807075,True
5611,12,"Jun 13, 1953","The Beast from 20,000 Fathoms",210000,5000000,5000000,0,4790000,True
5612,13,"Jul 25, 1969",The Stewardesses,200000,13500000,25000000,11500000,24800000,True
5613,14,"Mar 21, 1980",Mad Max,200000,8750000,99750000,91000000,99550000,True
5614,15,"Dec 24, 1916","20,000 Leagues Under the Sea",200000,8000000,8000000,0,7800000,True
5615,16,"Oct 18, 1996",Swingers,200000,4505922,6618578,2112656,6418578,True
5616,17,"Jan 18, 1967",Per un pugno di dollari,200000,3500000,3516248,16248,3316248,True
5617,18,"Feb 25, 2011",The Grace Card,200000,2430735,2430735,0,2230735,True
5618,19,"Feb 9, 1933",She Done Him Wrong,200000,2000000,2000000,0,1800000,True
5619,20,"Feb 11, 2000",Trois,200000,1161843,1161843,0,961843,True
5620,21,"Jun 19, 2015",The Overnight,200000,1109808,1165996,56188,965996,True
5621,22,"Oct 22, 2004",Short Cut to Nirvana: Kumbh Mela,200000,381225,439651,58426,239651,True
5622,23,"Oct 12, 2012",Middle of Nowhere,200000,236806,236806,0,36806,True
5623,24,"Oct 10, 2008",Call+Response,200000,212989,212989,0,12989,True
5624,25,"May 10, 2002",The Business of Fancy Dancing,200000,174682,174682,0,-25318,False
5625,26,"May 10, 2002",Hybrid,200000,162605,162605,0,-37395,False
5626,27,"Jun 13, 2008",Baghead,200000,140016,140016,0,-59984,False
5627,28,"Sep 10, 2004",Malevolence,200000,126021,346106,220085,146106,True
5628,29,"Sep 9, 2005",Side Effects,200000,44701,44701,0,-155299,False
5629,30,"Oct 10, 2008",Good Dick,200000,28835,52443,23608,-147557,False
5630,31,"Jul 21, 2006",The Case of the Grinning Cat,200000,7033,7033,0,-192967,False
5631,32,"Jan 7, 2005",Solitude,200000,6260,6260,0,-193740,False
5632,33,"Mar 14, 2014",The Word,200000,3648,3648,0,-196352,False
5633,34,"Jun 15, 2007",The Trials of Darryl Hunt,200000,1217,1217,0,-198783,False
5634,35,"Oct 19, 2007",The Man From Earth,200000,0,0,0,-200000,False
5635,36,"Dec 31, 2004",Samantha: An American Girl Holiday,200000,0,0,0,-200000,False
5636,37,"Jan 17, 2008",Yesterday Was a Lie,200000,0,0,0,-200000,False
5637,38,"Sep 12, 2014",Archaeology of a Woman,200000,0,0,0,-200000,False
5638,39,"Aug 26, 2014",Sanctuary; Quite a Conundrum,200000,0,0,0,-200000,False
5639,40,"Sep 29, 2015",Theresa Is a Mother,200000,0,0,0,-200000,False
5640,41,"Nov 10, 2015",Perfect Cowboy,200000,0,0,0,-200000,False
5641,42,"Dec 31, 2014",H.,200000,0,0,0,-200000,False
5642,43,"Sep 23, 2011",Weekend,190000,484592,1577585,1092993,1387585,True
5643,44,"Jan 22, 1999",Bacheha-Ye aseman,180000,933933,1628579,694646,1448579,True
5644,45,"Feb 27, 2015",Butterfly Girl,180000,17503,17503,0,-162497,False
5645,46,"Jun 16, 2017",Arrowhead,180000,0,0,0,-180000,False
5646,47,"Aug 8, 1986",She's Gotta Have It,175000,7137502,7137502,0,6962502,True
5647,48,"Jul 22, 2011",Another Earth,175000,1321194,2102779,781585,1927779,True
5648,49,"Aug 23, 2013",Sparrows Dance,175000,2602,2602,0,-172398,False
5649,50,"Sep 4, 2015",Heroes of Dirt,175000,0,0,0,-175000,False
5650,51,"Jun 3, 2016",The Fits,170000,166425,169242,2817,-758,False
5651,52,"Jun 30, 1979",Dolphin,170000,14000,14000,0,-156000,False
5652,53,"Dec 31, 2015",Lumea e a mea,168000,0,29678,29678,-138322,False
5653,54,"Sep 11, 2009",The Horse Boy,160000,156612,156612,0,-3388,False
5654,55,"Mar 1, 2002",The Calling,160000,32092,32092,0,-127908,False
5655,56,"Jan 1, 1971",Sweet Sweetback's Baad Asssss Song,150000,15200000,15200000,0,15050000,True
5656,57,"May 16, 2007",Once,150000,9445857,23323631,13877774,23173631,True
5657,58,"Jul 19, 2002",Tadpole,150000,2891288,3270128,378840,3120128,True
5658,59,"Jun 23, 2000",The Woman Chaser,150000,110719,110719,0,-39281,False
5659,60,"Apr 17, 2015",Antarctic Edge: 70Âº South,150000,7193,7193,0,-142807,False
5660,61,"Aug 21, 2015",Top Spin,150000,5858,5858,0,-144142,False
5661,62,"Dec 31, 2013",Speak No Evil,150000,0,32927,32927,-117073,False
5662,63,"Oct 6, 2009",A Charlie Brown Christmas,150000,0,0,0,-150000,False
5663,64,"May 3, 2013",Aroused,150000,0,0,0,-150000,False
5664,65,"Dec 31, 2015",Escaping the Holocost,150000,0,0,0,-150000,False
5665,66,"Oct 18, 1974",The Texas Chainsaw Massacre,140000,26572439,26572439,0,26432439,True
5666,67,"Dec 20, 1989",Roger & Me,140000,6706368,6706368,0,6566368,True
5667,68,"Apr 27, 2012",Sound of My Voice,135000,408015,429448,21433,294448,True
5668,69,"Nov 16, 1942",Cat People,134000,4000000,8000000,4000000,7866000,True
5669,70,"Jul 18, 2014",An American in Hollywood,125000,0,0,0,-125000,False
5670,71,"Aug 11, 2015",The Brain That Sings,125000,0,0,0,-125000,False
5671,72,"Dec 31, 2015",Romantic Schemer,125000,0,0,0,-125000,False
5672,73,"Jun 15, 2012",Your Sister's Sister,120000,1597486,3090593,1493107,2970593,True
5673,74,"Jun 30, 2006",The Blood of My Brother: A Story of Death in Iraq,120000,0,0,0,-120000,False
5674,75,"Dec 31, 2007",A Dog's Breakfast,120000,0,0,0,-120000,False
5675,76,"May 24, 2016",Une Femme MariÃ©e,120000,0,0,0,-120000,False
5676,77,"Oct 1, 1968",Night of the Living Dead,114000,12087064,30087064,18000000,29973064,True
5677,78,"Feb 8, 1915",The Birth of a Nation,110000,10000000,11000000,1000000,10890000,True
5678,79,"Oct 3, 2003",The Work and the Story,103000,16137,16137,0,-86863,False
5679,80,"Jul 10, 2015",The Gallows,100000,22764410,41656474,18892064,41556474,True
5680,81,"Sep 29, 2006",Facing the Giants,100000,10178331,10243159,64828,10143159,True
5681,82,"Jan 1, 1977",Eraserhead,100000,7000000,7014590,14590,6914590,True
5682,83,"Mar 1, 1987",Hollywood Shuffle,100000,5228617,5228617,0,5128617,True
5683,84,"Sep 17, 1920",Over the Hill to the Poorhouse,100000,3000000,3000000,0,2900000,True
5684,85,"Oct 9, 1998",The Mighty,100000,2652246,6121582,3469336,6021582,True
5685,86,"Jul 7, 2017",A Ghost Story,100000,1594798,2769782,1174984,2669782,True
5686,87,"May 10, 1980",Penitentiary,100000,287000,287000,0,187000,True
5687,88,"Feb 6, 2004",The Lost Skeleton of Cadavra,100000,110536,110536,0,10536,True
5688,89,"Mar 21, 2014",Cheap Thrills,100000,59424,59424,0,-40576,False
5689,90,"Jun 19, 2014",The Past is a Grotesque Animal,100000,20056,20056,0,-79944,False
5690,91,"Nov 9, 2001",Keeping it Real: The Adventures of Greg Walloch,100000,1358,1358,0,-98642,False
5691,92,"May 18, 2012",Indie Game: The Movie,100000,0,0,0,-100000,False
5692,93,"Dec 31, 2014","Dude, Where's My Dog",100000,0,0,0,-100000,False
5693,94,"Jun 10, 2014",Echo Dr.,100000,0,0,0,-100000,False
5694,95,"Mar 17, 2015",Closure,100000,0,0,0,-100000,False
5695,96,"Dec 31, 2015",Lunchtime Heroes,100000,0,0,0,-100000,False
5696,97,"Mar 25, 2015",Open Secret,100000,0,0,0,-100000,False
5697,98,"Nov 10, 2015",The Night Visitor,100000,0,0,0,-100000,False
5698,99,"Jul 7, 2015",Tiger Orange,100000,0,0,0,-100000,False
5699,100,"Aug 30, 1972",The Last House on the Left,87000,3100000,3100000,0,3013000,True
5700,1,"May 30, 2008",The Foot Fist Way,79000,234286,234286,0,155286,True
5701,2,"Jul 17, 2015",Dawn of the Crescent Moon,75000,8799,8799,0,-66201,False
5702,3,"Sep 29, 2015",Queen Crab,75000,0,0,0,-75000,False
5703,4,"Jul 25, 2014",Happy Christmas,70000,30312,30312,0,-39688,False
5704,5,"Jan 28, 2005","Peace, Propaganda and the Promised Land",70000,4930,4930,0,-65070,False
5705,6,"Dec 31, 2011",Absentia,70000,0,8555,8555,-61445,False
5706,7,"Jul 10, 1998",Pi,68000,3221152,4678513,1457361,4610513,True
5707,8,"Feb 20, 1998",I Love You â¦ Don't Touch Me!,68000,33598,33598,0,-34402,False
5708,9,"Feb 26, 1999",20 Dates,66000,541636,602920,61284,536920,True
5709,10,"May 7, 2004",Super Size Me,65000,11529368,22233808,10704440,22168808,True
5710,11,"Jan 25, 2013",Supporting Characters,60000,4917,4917,0,-55083,False
5711,12,"Mar 16, 2012",The FP,60000,0,0,0,-60000,False
5712,13,"Dec 31, 2012",Hayride,60000,0,0,0,-60000,False
5713,14,"Aug 10, 1962",The Brain That Wouldn't Die,60000,0,0,0,-60000,False
5714,15,"Oct 4, 2013",The Dirties,55000,0,0,0,-55000,False
5715,16,"Aug 9, 1995",The Brothers McMullen,50000,10426506,10426506,0,10376506,True
5716,17,"Mar 16, 2001",Gabriela,50000,2335352,2335352,0,2285352,True
5717,18,"Nov 12, 2010",Tiny Furniture,50000,391674,424149,32475,374149,True
5718,19,"Feb 22, 2008",The Signal,50000,251150,406299,155149,356299,True
5719,20,"Jul 31, 2015",Counting,50000,8374,8374,0,-41626,False
5720,21,"Dec 31, 2009",Big Things,50000,0,0,0,-50000,False
5721,22,"Feb 14, 2014",Down and Dangerous,50000,0,0,0,-50000,False
5722,23,"Dec 31, 2005",The Call of Cthulhu,50000,0,0,0,-50000,False
5723,24,"Aug 4, 2015",Bending Steel,50000,0,0,0,-50000,False
5724,25,"Sep 1, 2015","Run, Hide, Die",50000,0,0,0,-50000,False
5725,26,"Dec 31, 2014",The Image Revolution,50000,0,0,0,-50000,False
5726,27,"Oct 25, 2013",A True Story,45000,0,0,0,-45000,False
5727,28,"Oct 27, 2000",George Washington,42000,241816,342722,100906,300722,True
5728,29,"Jun 21, 2013",This Is Martin Bonner,42000,0,0,0,-42000,False
5729,30,"Aug 25, 2000",Smiling Fish and Goat on Fire,40000,277233,277233,0,237233,True
5730,31,"Mar 12, 2010",The Exploding Girl,40000,25572,25572,0,-14428,False
5731,32,"Feb 11, 2011",Raymond Did It,40000,3632,3632,0,-36368,False
5732,33,"Mar 31, 2012",Foreign Letters,40000,0,0,0,-40000,False
5733,34,"Jul 1, 1991",The Last Waltz,35000,321952,322563,611,287563,True
5734,35,"Oct 25, 2013",Her Cry: La Llorona Investigation,35000,0,0,0,-35000,False
5735,36,"Dec 31, 2014",Happy 40th,35000,0,0,0,-35000,False
5736,37,"Jul 18, 2008",The Legend of God's Gun,30000,243768,243768,0,213768,True
5737,38,"Mar 18, 2016",Krisha,30000,144822,144822,0,114822,True
5738,39,"Sep 1, 2006",Mutual Appreciation,30000,103509,103509,0,73509,True
5739,40,"Apr 29, 2005",Funny Ha Ha,30000,77070,82698,5628,52698,True
5740,41,"Oct 15, 2010",Down Terrace,30000,9812,9812,0,-20188,False
5741,42,"Dec 31, 2013",Paraphobia,30000,0,0,0,-30000,False
5742,43,"Oct 19, 1994",Clerks,27000,3073428,3894240,820812,3867240,True
5743,44,"Dec 24, 1999",Pink Narcissus,27000,8231,8231,0,-18769,False
5744,45,"Jan 27, 2017",Emily,27000,3547,3547,0,-23453,False
5745,46,"Jun 30, 1972",Deep Throat,25000,45000000,45000000,0,44975000,True
5746,47,"Aug 1, 1997",In the Company of Men,25000,2883661,2883661,0,2858661,True
5747,48,"Jan 14, 2000",The Terrorist,25000,195043,195043,0,170043,True
5748,49,"Sep 1, 2015",Exeter,25000,0,489792,489792,464792,True
5749,50,"Jun 13, 2003",Manito,25000,0,0,0,-25000,False
5750,51,"Apr 21, 2015",Ten,25000,0,0,0,-25000,False
5751,52,"Dec 1, 2015",Dutch Kills,25000,0,0,0,-25000,False
5752,53,"Aug 1, 1991",Slacker,23000,1227508,1227508,0,1204508,True
5753,54,"Dec 31, 2014",Dry Spell,22000,0,0,0,-22000,False
5754,55,"Dec 31, 2003",Flywheel,20000,0,0,0,-20000,False
5755,56,"Jan 4, 2013",All Superheroes Must Die,20000,0,0,0,-20000,False
5756,57,"Apr 21, 2015",The Front Man,20000,0,0,0,-20000,False
5757,58,"Dec 1, 2003",Steel Spirit,20000,0,0,0,-20000,False
5758,59,"Nov 25, 2011",The Ridges,17300,0,0,0,-17300,False
5759,60,"Jun 2, 2006",The Puffy Chair,15000,194523,195254,731,180254,True
5760,61,"Apr 2, 2010",Breaking Upwards,15000,115592,115592,0,100592,True
5761,62,"Dec 31, 2014",Stories of Our Lives,15000,0,0,0,-15000,False
5762,63,"Apr 11, 1997",Pink Flamingos,12000,413802,413802,0,401802,True
5763,64,"Apr 28, 2006",Grip: A Criminal's Story,12000,1336,1336,0,-10664,False
5764,65,"Dec 31, 2007",Tin Can Man,12000,0,0,0,-12000,False
5765,66,"Mar 9, 2001",Dayereh,10000,673780,673780,0,663780,True
5766,67,"Apr 28, 2006",Clean,10000,138711,138711,0,128711,True
5767,68,"Jul 6, 2001",Cure,10000,94596,94596,0,84596,True
5768,69,"May 28, 2004",On the Downlow,10000,1987,1987,0,-8013,False
5769,70,"Apr 1, 1996",Bang,10000,527,527,0,-9473,False
5770,71,"Aug 14, 2008",The Rise and Fall of Miss Thang,10000,401,401,0,-9599,False
5771,72,"May 19, 2015",Family Motocross,10000,0,0,0,-10000,False
5772,73,"Jan 13, 2012",Newlyweds,9000,4584,4584,0,-4416,False
5773,74,"Feb 26, 1993",El Mariachi,7000,2040920,2041928,1008,2034928,True
5774,75,"Oct 8, 2004",Primer,7000,424760,841926,417166,834926,True
5775,76,"May 26, 2006",Cavite,7000,70071,71644,1573,64644,True
5776,77,"Dec 31, 2004",The Mongol King,7000,900,900,0,-6100,False
5777,78,"Dec 31, 2018",Red 11,7000,0,0,0,-7000,False
5778,79,"Apr 2, 1999",Following,6000,48482,240495,192013,234495,True
5779,80,"Jul 13, 2005",Return to the Land of Wonders,5000,1338,1338,0,-3662,False
5780,81,"Sep 29, 2015",A Plague So Pleasant,1400,0,0,0,-1400,False
5781,82,"Aug 5, 2005",My Date With Drew,1100,181041,181041,0,179941,True
